Hackett_NumErrAlns,0.1-0.2,0,0.117827,0.084587,18,0,18,0,39,0,0,349459,106,0,176,349216
Hackett_NumErrAlns,0.1-0.2,0,0.117827,0.084587,18,0,18,1,39,0,0,349459,101,7,169,349221
Hackett_NumErrAlns,0.1-0.2,0,0.117827,0.084587,18,0,50,0,39,0,0,349459,90,0,88,349320
Hackett_NumErrAlns,0.1-0.2,0,0.117827,0.084587,18,0,50,1,39,0,0,349459,87,6,82,349323
Hackett_NumErrAlns,0.1-0.2,0,0.117827,0.084587,18,0,20,0,39,0,0,349459,96,0,88,349314
Hackett_NumErrAlns,0.1-0.2,0,0.117827,0.084587,18,0,20,1,39,0,0,349459,89,0,88,349321
Hackett_NumErrAlns,0.1-0.2,0,0.117827,0.084587,18,0,10,0,39,0,0,349459,107,0,176,349215
Hackett_NumErrAlns,0.1-0.2,0,0.117827,0.084587,18,0,10,1,39,0,0,349459,106,0,176,349216
Hackett_NumErrAlns,0.1-0.2,0,0.117827,0.084587,18,0,5,0,39,0,0,349459,85,7,257,349149
Hackett_NumErrAlns,0.1-0.2,0,0.117827,0.084587,18,0,5,1,39,0,0,349459,113,36,316,349033
Hackett_NumErrAlns,0.1-0.2,0,0.142025,0.104754,13,0,13,0,0,0,0,236587,5,61,115,236406
Hackett_NumErrAlns,0.1-0.2,0,0.142025,0.104754,13,0,13,1,0,0,0,236587,7,19,157,236404
Hackett_NumErrAlns,0.1-0.2,0,0.142025,0.104754,13,0,50,0,0,0,0,236587,7,0,88,236492
Hackett_NumErrAlns,0.1-0.2,0,0.142025,0.104754,13,0,50,1,0,0,0,236587,10,0,88,236489
Hackett_NumErrAlns,0.1-0.2,0,0.142025,0.104754,13,0,20,0,0,0,0,236587,11,0,88,236488
Hackett_NumErrAlns,0.1-0.2,0,0.142025,0.104754,13,0,20,1,0,0,0,236587,5,0,88,236494
Hackett_NumErrAlns,0.1-0.2,0,0.142025,0.104754,13,0,10,0,0,0,0,236587,26,0,176,236385
Hackett_NumErrAlns,0.1-0.2,0,0.142025,0.104754,13,0,10,1,0,0,0,236587,16,8,168,236395
Hackett_NumErrAlns,0.1-0.2,0,0.142025,0.104754,13,0,5,0,0,0,0,236587,29,5,259,236294
Hackett_NumErrAlns,0.1-0.2,0,0.142025,0.104754,13,0,5,1,0,0,0,236587,30,1,263,236293
Hackett_NumErrAlns,0.1-0.2,0,0.153792,0.092053,20,0,20,0,304,0,0,384609,369,0,176,384368
Hackett_NumErrAlns,0.1-0.2,0,0.153792,0.092053,20,0,20,1,304,0,0,384609,354,7,169,384383
Hackett_NumErrAlns,0.1-0.2,0,0.153792,0.092053,20,0,50,0,304,0,0,384609,361,0,88,384464
Hackett_NumErrAlns,0.1-0.2,0,0.153792,0.092053,20,0,50,1,304,0,0,384609,372,0,88,384453
Hackett_NumErrAlns,0.1-0.2,0,0.153792,0.092053,20,0,20,0,304,0,0,384609,369,22,154,384368
Hackett_NumErrAlns,0.1-0.2,0,0.153792,0.092053,20,0,20,1,304,0,0,384609,352,18,158,384385
Hackett_NumErrAlns,0.1-0.2,0,0.153792,0.092053,20,0,10,0,304,0,0,384609,358,10,254,384291
Hackett_NumErrAlns,0.1-0.2,0,0.153792,0.092053,20,0,10,1,304,0,0,384609,363,15,161,384374
Hackett_NumErrAlns,0.1-0.2,0,0.153792,0.092053,20,0,5,0,304,0,0,384609,360,0,88,384465
Hackett_NumErrAlns,0.1-0.2,0,0.153792,0.092053,20,0,5,1,304,0,0,384609,385,0,440,384088
Hackett_NumErrAlns,0.1-0.2,0,0.19418,0.143365,13,0,13,0,34,0,0,232414,76,2,174,232196
Hackett_NumErrAlns,0.1-0.2,0,0.19418,0.143365,13,0,13,1,34,0,0,232414,104,0,176,232168
Hackett_NumErrAlns,0.1-0.2,0,0.19418,0.143365,13,0,50,0,34,0,0,232414,64,11,77,232296
Hackett_NumErrAlns,0.1-0.2,0,0.19418,0.143365,13,0,50,1,34,0,0,232414,65,0,88,232295
Hackett_NumErrAlns,0.1-0.2,0,0.19418,0.143365,13,0,20,0,34,0,0,232414,52,31,57,232308
Hackett_NumErrAlns,0.1-0.2,0,0.19418,0.143365,13,0,20,1,34,0,0,232414,70,0,88,232290
Hackett_NumErrAlns,0.1-0.2,0,0.19418,0.143365,13,0,10,0,34,0,0,232414,48,0,176,232224
Hackett_NumErrAlns,0.1-0.2,0,0.19418,0.143365,13,0,10,1,34,0,0,232414,76,0,176,232196
Hackett_NumErrAlns,0.1-0.2,0,0.19418,0.143365,13,0,5,0,34,0,0,232414,88,0,264,232096
Hackett_NumErrAlns,0.1-0.2,0,0.19418,0.143365,13,0,5,1,34,0,0,232414,70,28,236,232114
Hackett_NumErrAlns,0.1-0.2,1,0.117827,0.084249,17,0,17,0,39,0,0,329619,74,21,155,329408
Hackett_NumErrAlns,0.1-0.2,1,0.117827,0.084249,17,0,17,1,39,0,0,329619,54,0,176,329428
Hackett_NumErrAlns,0.1-0.2,1,0.117827,0.084249,17,0,50,0,39,0,0,329619,75,0,88,329495
Hackett_NumErrAlns,0.1-0.2,1,0.117827,0.084249,17,0,50,1,39,0,0,329619,66,0,88,329504
Hackett_NumErrAlns,0.1-0.2,1,0.117827,0.084249,17,0,20,0,39,0,0,329619,70,0,88,329500
Hackett_NumErrAlns,0.1-0.2,1,0.117827,0.084249,17,0,20,1,39,0,0,329619,68,12,76,329502
Hackett_NumErrAlns,0.1-0.2,1,0.117827,0.084249,17,0,10,0,39,0,0,329619,70,29,147,329412
Hackett_NumErrAlns,0.1-0.2,1,0.117827,0.084249,17,0,10,1,39,0,0,329619,67,5,83,329503
Hackett_NumErrAlns,0.1-0.2,1,0.117827,0.084249,17,0,5,0,39,0,0,329619,90,2,350,329216
Hackett_NumErrAlns,0.1-0.2,1,0.117827,0.084249,17,0,5,1,39,0,0,329619,49,19,333,329257
Hackett_NumErrAlns,0.1-0.2,1,0.142025,0.101349,12,0,12,0,0,0,0,219431,15,15,161,219240
Hackett_NumErrAlns,0.1-0.2,1,0.142025,0.101349,12,0,12,1,0,0,0,219431,13,5,171,219242
Hackett_NumErrAlns,0.1-0.2,1,0.142025,0.101349,12,0,50,0,0,0,0,219431,7,0,88,219336
Hackett_NumErrAlns,0.1-0.2,1,0.142025,0.101349,12,0,50,1,0,0,0,219431,10,0,88,219333
Hackett_NumErrAlns,0.1-0.2,1,0.142025,0.101349,12,0,20,0,0,0,0,219431,3,19,69,219340
Hackett_NumErrAlns,0.1-0.2,1,0.142025,0.101349,12,0,20,1,0,0,0,219431,4,0,88,219339
Hackett_NumErrAlns,0.1-0.2,1,0.142025,0.101349,12,0,10,0,0,0,0,219431,19,0,176,219236
Hackett_NumErrAlns,0.1-0.2,1,0.142025,0.101349,12,0,10,1,0,0,0,219431,11,24,152,219244
Hackett_NumErrAlns,0.1-0.2,1,0.142025,0.101349,12,0,5,0,0,0,0,219431,21,21,243,219146
Hackett_NumErrAlns,0.1-0.2,1,0.142025,0.101349,12,0,5,1,0,0,0,219431,19,7,169,219236
Hackett_NumErrAlns,0.1-0.2,1,0.164978,0.128396,10,0,10,0,0,0,0,182400,33,9,167,182191
Hackett_NumErrAlns,0.1-0.2,1,0.164978,0.128396,10,0,10,1,0,0,0,182400,38,0,176,182186
Hackett_NumErrAlns,0.1-0.2,1,0.164978,0.128396,10,0,50,0,0,0,0,182400,29,0,88,182283
Hackett_NumErrAlns,0.1-0.2,1,0.164978,0.128396,10,0,50,1,0,0,0,182400,33,0,88,182279
Hackett_NumErrAlns,0.1-0.2,1,0.164978,0.128396,10,0,20,0,0,0,0,182400,30,0,88,182282
Hackett_NumErrAlns,0.1-0.2,1,0.164978,0.128396,10,0,20,1,0,0,0,182400,35,0,88,182277
Hackett_NumErrAlns,0.1-0.2,1,0.164978,0.128396,10,0,10,0,0,0,0,182400,38,0,176,182186
Hackett_NumErrAlns,0.1-0.2,1,0.164978,0.128396,10,0,10,1,0,0,0,182400,16,0,176,182208
Hackett_NumErrAlns,0.1-0.2,1,0.164978,0.128396,10,0,5,0,0,0,0,182400,40,0,176,182184
Hackett_NumErrAlns,0.1-0.2,1,0.164978,0.128396,10,0,5,1,0,0,0,182400,45,4,260,182091
Hackett_NumErrAlns,0.1-0.2,1,0.19418,0.143154,12,0,12,0,34,0,0,214672,72,9,167,214458
Hackett_NumErrAlns,0.1-0.2,1,0.19418,0.143154,12,0,12,1,34,0,0,214672,69,10,166,214461
Hackett_NumErrAlns,0.1-0.2,1,0.19418,0.143154,12,0,50,0,34,0,0,214672,70,0,88,214548
Hackett_NumErrAlns,0.1-0.2,1,0.19418,0.143154,12,0,50,1,34,0,0,214672,68,0,88,214550
Hackett_NumErrAlns,0.1-0.2,1,0.19418,0.143154,12,0,20,0,34,0,0,214672,65,0,88,214553
Hackett_NumErrAlns,0.1-0.2,1,0.19418,0.143154,12,0,20,1,34,0,0,214672,72,0,88,214546
Hackett_NumErrAlns,0.1-0.2,1,0.19418,0.143154,12,0,10,0,34,0,0,214672,70,1,175,214460
Hackett_NumErrAlns,0.1-0.2,1,0.19418,0.143154,12,0,10,1,34,0,0,214672,71,0,176,214459
Hackett_NumErrAlns,0.1-0.2,1,0.19418,0.143154,12,0,5,0,34,0,0,214672,76,90,174,214366
Hackett_NumErrAlns,0.1-0.2,1,0.19418,0.143154,12,0,5,1,34,0,0,214672,86,7,257,214356
Hackett_NumErrAlns,0.1-0.2,2,0.117827,0.088121,11,0,11,0,39,0,0,216595,50,0,176,216408
Hackett_NumErrAlns,0.1-0.2,2,0.117827,0.088121,11,0,11,1,39,0,0,216595,68,0,176,216390
Hackett_NumErrAlns,0.1-0.2,2,0.117827,0.088121,11,0,50,0,39,0,0,216595,42,0,88,216504
Hackett_NumErrAlns,0.1-0.2,2,0.117827,0.088121,11,0,50,1,39,0,0,216595,38,10,78,216508
Hackett_NumErrAlns,0.1-0.2,2,0.117827,0.088121,11,0,20,0,39,0,0,216595,11,0,88,216535
Hackett_NumErrAlns,0.1-0.2,2,0.117827,0.088121,11,0,20,1,39,0,0,216595,41,1,87,216505
Hackett_NumErrAlns,0.1-0.2,2,0.117827,0.088121,11,0,10,0,39,0,0,216595,52,0,176,216406
Hackett_NumErrAlns,0.1-0.2,2,0.117827,0.088121,11,0,10,1,39,0,0,216595,48,12,164,216410
Hackett_NumErrAlns,0.1-0.2,2,0.117827,0.088121,11,0,5,0,39,0,0,216595,24,25,239,216346
Hackett_NumErrAlns,0.1-0.2,2,0.117827,0.088121,11,0,5,1,39,0,0,216595,57,0,176,216401
Hackett_NumErrAlns,0.1-0.2,2,0.139511,0.095076,11,0,11,0,0,0,0,203412,24,0,176,203212
Hackett_NumErrAlns,0.1-0.2,2,0.139511,0.095076,11,0,11,1,0,0,0,203412,8,0,88,203316
Hackett_NumErrAlns,0.1-0.2,2,0.139511,0.095076,11,0,50,0,0,0,0,203412,15,0,88,203309
Hackett_NumErrAlns,0.1-0.2,2,0.139511,0.095076,11,0,50,1,0,0,0,203412,10,0,88,203314
Hackett_NumErrAlns,0.1-0.2,2,0.139511,0.095076,11,0,20,0,0,0,0,203412,13,0,88,203311
Hackett_NumErrAlns,0.1-0.2,2,0.139511,0.095076,11,0,20,1,0,0,0,203412,9,0,88,203315
Hackett_NumErrAlns,0.1-0.2,2,0.139511,0.095076,11,0,10,0,0,0,0,203412,18,0,176,203218
Hackett_NumErrAlns,0.1-0.2,2,0.139511,0.095076,11,0,10,1,0,0,0,203412,27,0,176,203209
Hackett_NumErrAlns,0.1-0.2,2,0.139511,0.095076,11,0,5,0,0,0,0,203412,9,5,171,203227
Hackett_NumErrAlns,0.1-0.2,2,0.139511,0.095076,11,0,5,1,0,0,0,203412,31,0,264,203117
Hackett_NumErrAlns,0.1-0.2,2,0.154212,0.117071,5,0,5,0,0,0,0,90125,10,23,153,89939
Hackett_NumErrAlns,0.1-0.2,2,0.154212,0.117071,5,0,5,1,0,0,0,90125,10,21,155,89939
Hackett_NumErrAlns,0.1-0.2,2,0.154212,0.117071,5,0,50,0,0,0,0,90125,4,1,87,90033
Hackett_NumErrAlns,0.1-0.2,2,0.154212,0.117071,5,0,50,1,0,0,0,90125,11,0,88,90026
Hackett_NumErrAlns,0.1-0.2,2,0.154212,0.117071,5,0,20,0,0,0,0,90125,10,0,88,90027
Hackett_NumErrAlns,0.1-0.2,2,0.154212,0.117071,5,0,20,1,0,0,0,90125,2,0,88,90035
Hackett_NumErrAlns,0.1-0.2,2,0.154212,0.117071,5,0,10,0,0,0,0,90125,1,2,86,90036
Hackett_NumErrAlns,0.1-0.2,2,0.154212,0.117071,5,0,10,1,0,0,0,90125,6,12,76,90031
Hackett_NumErrAlns,0.1-0.2,2,0.154212,0.117071,5,0,5,0,0,0,0,90125,24,23,153,89925
Hackett_NumErrAlns,0.1-0.2,2,0.154212,0.117071,5,0,5,1,0,0,0,90125,12,42,134,89937
Hackett_NumErrAlns,0.1-0.2,2,0.19418,0.148384,10,0,10,0,32,0,0,177334,46,10,166,177144
Hackett_NumErrAlns,0.1-0.2,2,0.19418,0.148384,10,0,10,1,32,0,0,177334,47,0,176,177143
Hackett_NumErrAlns,0.1-0.2,2,0.19418,0.148384,10,0,50,0,32,0,0,177334,36,15,73,177242
Hackett_NumErrAlns,0.1-0.2,2,0.19418,0.148384,10,0,50,1,32,0,0,177334,45,0,88,177233
Hackett_NumErrAlns,0.1-0.2,2,0.19418,0.148384,10,0,20,0,32,0,0,177334,41,0,88,177237
Hackett_NumErrAlns,0.1-0.2,2,0.19418,0.148384,10,0,20,1,32,0,0,177334,49,0,88,177229
Hackett_NumErrAlns,0.1-0.2,2,0.19418,0.148384,10,0,10,0,32,0,0,177334,48,0,176,177142
Hackett_NumErrAlns,0.1-0.2,2,0.19418,0.148384,10,0,10,1,32,0,0,177334,52,17,159,177138
Hackett_NumErrAlns,0.1-0.2,2,0.19418,0.148384,10,0,5,0,32,0,0,177334,58,0,264,177044
Hackett_NumErrAlns,0.1-0.2,2,0.19418,0.148384,10,0,5,1,32,0,0,177334,67,0,264,177035
Hackett_NumErrAlns,0.1-0.2,3,0.100489,0.087396,10,0,10,0,0,0,0,184899,15,12,164,184708
Hackett_NumErrAlns,0.1-0.2,3,0.100489,0.087396,10,0,10,1,0,0,0,184899,25,0,176,184698
Hackett_NumErrAlns,0.1-0.2,3,0.100489,0.087396,10,0,50,0,0,0,0,184899,10,0,88,184801
Hackett_NumErrAlns,0.1-0.2,3,0.100489,0.087396,10,0,50,1,0,0,0,184899,9,0,88,184802
Hackett_NumErrAlns,0.1-0.2,3,0.100489,0.087396,10,0,20,0,0,0,0,184899,8,0,88,184803
Hackett_NumErrAlns,0.1-0.2,3,0.100489,0.087396,10,0,20,1,0,0,0,184899,10,0,88,184801
Hackett_NumErrAlns,0.1-0.2,3,0.100489,0.087396,10,0,10,0,0,0,0,184899,21,0,176,184702
Hackett_NumErrAlns,0.1-0.2,3,0.100489,0.087396,10,0,10,1,0,0,0,184899,9,12,164,184714
Hackett_NumErrAlns,0.1-0.2,3,0.100489,0.087396,10,0,5,0,0,0,0,184899,15,3,173,184708
Hackett_NumErrAlns,0.1-0.2,3,0.100489,0.087396,10,0,5,1,0,0,0,184899,21,19,245,184614
Hackett_NumErrAlns,0.1-0.2,3,0.138064,0.087872,8,0,8,0,0,0,0,152113,21,0,176,151916
Hackett_NumErrAlns,0.1-0.2,3,0.138064,0.087872,8,0,8,1,0,0,0,152113,12,0,88,152013
Hackett_NumErrAlns,0.1-0.2,3,0.138064,0.087872,8,0,50,0,0,0,0,152113,9,0,88,152016
Hackett_NumErrAlns,0.1-0.2,3,0.138064,0.087872,8,0,50,1,0,0,0,152113,12,0,88,152013
Hackett_NumErrAlns,0.1-0.2,3,0.138064,0.087872,8,0,20,0,0,0,0,152113,8,0,88,152017
Hackett_NumErrAlns,0.1-0.2,3,0.138064,0.087872,8,0,20,1,0,0,0,152113,6,19,69,152019
Hackett_NumErrAlns,0.1-0.2,3,0.138064,0.087872,8,0,10,0,0,0,0,152113,7,2,86,152018
Hackett_NumErrAlns,0.1-0.2,3,0.138064,0.087872,8,0,10,1,0,0,0,152113,12,0,88,152013
Hackett_NumErrAlns,0.1-0.2,3,0.138064,0.087872,8,0,5,0,0,0,0,152113,14,0,176,151923
Hackett_NumErrAlns,0.1-0.2,3,0.138064,0.087872,8,0,5,1,0,0,0,152113,19,0,176,151918
Hackett_NumErrAlns,0.1-0.2,3,0.154212,0.120437,4,0,4,0,0,0,0,71285,0,28,60,71197
Hackett_NumErrAlns,0.1-0.2,3,0.154212,0.120437,4,0,4,1,0,0,0,71285,6,13,75,71191
Hackett_NumErrAlns,0.1-0.2,3,0.154212,0.120437,4,0,50,0,0,0,0,71285,10,0,88,71187
Hackett_NumErrAlns,0.1-0.2,3,0.154212,0.120437,4,0,50,1,0,0,0,71285,4,1,87,71193
Hackett_NumErrAlns,0.1-0.2,3,0.154212,0.120437,4,0,20,0,0,0,0,71285,0,26,62,71197
Hackett_NumErrAlns,0.1-0.2,3,0.154212,0.120437,4,0,20,1,0,0,0,71285,9,0,88,71188
Hackett_NumErrAlns,0.1-0.2,3,0.154212,0.120437,4,0,10,0,0,0,0,71285,3,8,80,71194
Hackett_NumErrAlns,0.1-0.2,3,0.154212,0.120437,4,0,10,1,0,0,0,71285,6,8,80,71191
Hackett_NumErrAlns,0.1-0.2,3,0.154212,0.120437,4,0,5,0,0,0,0,71285,6,37,51,71191
Hackett_NumErrAlns,0.1-0.2,3,0.154212,0.120437,4,0,5,1,0,0,0,71285,11,0,88,71186
Hackett_NumErrAlns,0.1-0.2,3,0.189274,0.146736,8,0,8,0,63,0,0,139174,44,0,176,139017
Hackett_NumErrAlns,0.1-0.2,3,0.189274,0.146736,8,0,8,1,63,0,0,139174,60,59,117,139001
Hackett_NumErrAlns,0.1-0.2,3,0.189274,0.146736,8,0,50,0,63,0,0,139174,66,0,88,139083
Hackett_NumErrAlns,0.1-0.2,3,0.189274,0.146736,8,0,50,1,63,0,0,139174,58,34,54,139091
Hackett_NumErrAlns,0.1-0.2,3,0.189274,0.146736,8,0,20,0,63,0,0,139174,43,0,88,139106
Hackett_NumErrAlns,0.1-0.2,3,0.189274,0.146736,8,0,20,1,63,0,0,139174,64,0,88,139085
Hackett_NumErrAlns,0.1-0.2,3,0.189274,0.146736,8,0,10,0,63,0,0,139174,65,0,88,139084
Hackett_NumErrAlns,0.1-0.2,3,0.189274,0.146736,8,0,10,1,63,0,0,139174,67,0,88,139082
Hackett_NumErrAlns,0.1-0.2,3,0.189274,0.146736,8,0,5,0,63,0,0,139174,46,0,176,139015
Hackett_NumErrAlns,0.1-0.2,3,0.189274,0.146736,8,0,5,1,63,0,0,139174,68,0,176,138993
Hackett_NumErrAlns,0.1-0.2,4,0.117827,0.089047,10,0,10,0,39,0,0,196277,46,4,172,196094
Hackett_NumErrAlns,0.1-0.2,4,0.117827,0.089047,10,0,10,1,39,0,0,196277,52,14,162,196088
Hackett_NumErrAlns,0.1-0.2,4,0.117827,0.089047,10,0,50,0,39,0,0,196277,42,0,88,196186
Hackett_NumErrAlns,0.1-0.2,4,0.117827,0.089047,10,0,50,1,39,0,0,196277,42,8,80,196186
Hackett_NumErrAlns,0.1-0.2,4,0.117827,0.089047,10,0,20,0,39,0,0,196277,35,12,76,196193
Hackett_NumErrAlns,0.1-0.2,4,0.117827,0.089047,10,0,20,1,39,0,0,196277,42,0,88,196186
Hackett_NumErrAlns,0.1-0.2,4,0.117827,0.089047,10,0,10,0,39,0,0,196277,46,14,162,196094
Hackett_NumErrAlns,0.1-0.2,4,0.117827,0.089047,10,0,10,1,39,0,0,196277,47,0,88,196181
Hackett_NumErrAlns,0.1-0.2,4,0.117827,0.089047,10,0,5,0,39,0,0,196277,45,1,175,196095
Hackett_NumErrAlns,0.1-0.2,4,0.117827,0.089047,10,0,5,1,39,0,0,196277,51,0,176,196089
Hackett_NumErrAlns,0.1-0.2,4,0.130939,0.107683,7,0,7,0,0,0,0,127187,12,10,166,126999
Hackett_NumErrAlns,0.1-0.2,4,0.130939,0.107683,7,0,7,1,0,0,0,127187,13,0,88,127086
Hackett_NumErrAlns,0.1-0.2,4,0.130939,0.107683,7,0,50,0,0,0,0,127187,8,9,79,127091
Hackett_NumErrAlns,0.1-0.2,4,0.130939,0.107683,7,0,50,1,0,0,0,127187,7,7,81,127092
Hackett_NumErrAlns,0.1-0.2,4,0.130939,0.107683,7,0,20,0,0,0,0,127187,8,37,51,127091
Hackett_NumErrAlns,0.1-0.2,4,0.130939,0.107683,7,0,20,1,0,0,0,127187,7,0,88,127092
Hackett_NumErrAlns,0.1-0.2,4,0.130939,0.107683,7,0,10,0,0,0,0,127187,11,0,88,127088
Hackett_NumErrAlns,0.1-0.2,4,0.130939,0.107683,7,0,10,1,0,0,0,127187,9,0,88,127090
Hackett_NumErrAlns,0.1-0.2,4,0.130939,0.107683,7,0,5,0,0,0,0,127187,10,10,166,127001
Hackett_NumErrAlns,0.1-0.2,4,0.130939,0.107683,7,0,5,1,0,0,0,127187,7,14,162,127004
Hackett_NumErrAlns,0.1-0.2,4,0.152576,0.12915,4,0,4,0,0,0,0,71913,13,0,88,71812
Hackett_NumErrAlns,0.1-0.2,4,0.152576,0.12915,4,0,4,1,0,0,0,71913,21,4,172,71716
Hackett_NumErrAlns,0.1-0.2,4,0.152576,0.12915,4,0,50,0,0,0,0,71913,8,0,88,71817
Hackett_NumErrAlns,0.1-0.2,4,0.152576,0.12915,4,0,50,1,0,0,0,71913,5,0,88,71820
Hackett_NumErrAlns,0.1-0.2,4,0.152576,0.12915,4,0,20,0,0,0,0,71913,6,5,83,71819
Hackett_NumErrAlns,0.1-0.2,4,0.152576,0.12915,4,0,20,1,0,0,0,71913,0,23,65,71825
Hackett_NumErrAlns,0.1-0.2,4,0.152576,0.12915,4,0,10,0,0,0,0,71913,0,88,0,71825
Hackett_NumErrAlns,0.1-0.2,4,0.152576,0.12915,4,0,10,1,0,0,0,71913,0,88,0,71825
Hackett_NumErrAlns,0.1-0.2,4,0.152576,0.12915,4,0,5,0,0,0,0,71913,12,0,88,71813
Hackett_NumErrAlns,0.1-0.2,4,0.152576,0.12915,4,0,5,1,0,0,0,71913,6,0,88,71819
Hackett_NumErrAlns,0.1-0.2,4,0.181588,0.137535,7,0,7,0,0,0,0,127845,6,40,136,127663
Hackett_NumErrAlns,0.1-0.2,4,0.181588,0.137535,7,0,7,1,0,0,0,127845,7,49,127,127662
Hackett_NumErrAlns,0.1-0.2,4,0.181588,0.137535,7,0,50,0,0,0,0,127845,4,0,88,127753
Hackett_NumErrAlns,0.1-0.2,4,0.181588,0.137535,7,0,50,1,0,0,0,127845,9,0,88,127748
Hackett_NumErrAlns,0.1-0.2,4,0.181588,0.137535,7,0,20,0,0,0,0,127845,2,32,56,127755
Hackett_NumErrAlns,0.1-0.2,4,0.181588,0.137535,7,0,20,1,0,0,0,127845,8,0,88,127749
Hackett_NumErrAlns,0.1-0.2,4,0.181588,0.137535,7,0,10,0,0,0,0,127845,3,52,36,127754
Hackett_NumErrAlns,0.1-0.2,4,0.181588,0.137535,7,0,10,1,0,0,0,127845,5,1,87,127752
Hackett_NumErrAlns,0.1-0.2,4,0.181588,0.137535,7,0,5,0,0,0,0,127845,33,43,133,127636
Hackett_NumErrAlns,0.1-0.2,4,0.181588,0.137535,7,0,5,1,0,0,0,127845,22,23,153,127647
Hackett_NumErrAlns,0.1-0.2,5,0.100489,0.086545,9,0,9,0,0,0,0,166112,28,0,176,165908
Hackett_NumErrAlns,0.1-0.2,5,0.100489,0.086545,9,0,9,1,0,0,0,166112,12,42,134,165924
Hackett_NumErrAlns,0.1-0.2,5,0.100489,0.086545,9,0,50,0,0,0,0,166112,3,0,88,166021
Hackett_NumErrAlns,0.1-0.2,5,0.100489,0.086545,9,0,50,1,0,0,0,166112,7,0,88,166017
Hackett_NumErrAlns,0.1-0.2,5,0.100489,0.086545,9,0,20,0,0,0,0,166112,1,9,79,166023
Hackett_NumErrAlns,0.1-0.2,5,0.100489,0.086545,9,0,20,1,0,0,0,166112,12,0,88,166012
Hackett_NumErrAlns,0.1-0.2,5,0.100489,0.086545,9,0,10,0,0,0,0,166112,9,0,88,166015
Hackett_NumErrAlns,0.1-0.2,5,0.100489,0.086545,9,0,10,1,0,0,0,166112,15,0,88,166009
Hackett_NumErrAlns,0.1-0.2,5,0.100489,0.086545,9,0,5,0,0,0,0,166112,11,12,164,165925
Hackett_NumErrAlns,0.1-0.2,5,0.100489,0.086545,9,0,5,1,0,0,0,166112,9,14,162,165927
Hackett_NumErrAlns,0.1-0.2,5,0.127911,0.087468,5,0,5,0,251,0,0,97842,378,0,88,97627
Hackett_NumErrAlns,0.1-0.2,5,0.127911,0.087468,5,0,5,1,251,0,0,97842,374,5,171,97543
Hackett_NumErrAlns,0.1-0.2,5,0.127911,0.087468,5,0,50,0,251,0,0,97842,375,0,88,97630
Hackett_NumErrAlns,0.1-0.2,5,0.127911,0.087468,5,0,50,1,251,0,0,97842,377,0,88,97628
Hackett_NumErrAlns,0.1-0.2,5,0.127911,0.087468,5,0,20,0,251,0,0,97842,371,5,83,97634
Hackett_NumErrAlns,0.1-0.2,5,0.127911,0.087468,5,0,20,1,251,0,0,97842,373,0,88,97632
Hackett_NumErrAlns,0.1-0.2,5,0.127911,0.087468,5,0,10,0,251,0,0,97842,376,0,88,97629
Hackett_NumErrAlns,0.1-0.2,5,0.127911,0.087468,5,0,10,1,251,0,0,97842,372,0,88,97633
Hackett_NumErrAlns,0.1-0.2,5,0.127911,0.087468,5,0,5,0,251,0,0,97842,376,20,156,97541
Hackett_NumErrAlns,0.1-0.2,5,0.127911,0.087468,5,0,5,1,251,0,0,97842,380,0,176,97537
Hackett_NumErrAlns,0.1-0.2,5,0.160093,0.160093,2,0,2,0,0,0,0,37524,0,88,0,37436
Hackett_NumErrAlns,0.1-0.2,5,0.160093,0.160093,2,0,2,1,0,0,0,37524,0,176,0,37348
Hackett_NumErrAlns,0.1-0.2,5,0.160093,0.160093,2,0,50,0,0,0,0,37524,0,88,0,37436
Hackett_NumErrAlns,0.1-0.2,5,0.160093,0.160093,2,0,50,1,0,0,0,37524,0,88,0,37436
Hackett_NumErrAlns,0.1-0.2,5,0.160093,0.160093,2,0,20,0,0,0,0,37524,0,88,0,37436
Hackett_NumErrAlns,0.1-0.2,5,0.160093,0.160093,2,0,20,1,0,0,0,37524,0,88,0,37436
Hackett_NumErrAlns,0.1-0.2,5,0.160093,0.160093,2,0,10,0,0,0,0,37524,0,88,0,37436
Hackett_NumErrAlns,0.1-0.2,5,0.160093,0.160093,2,0,10,1,0,0,0,37524,0,88,0,37436
Hackett_NumErrAlns,0.1-0.2,5,0.160093,0.160093,2,0,5,0,0,0,0,37524,0,88,0,37436
Hackett_NumErrAlns,0.1-0.2,5,0.160093,0.160093,2,0,5,1,0,0,0,37524,0,88,0,37436
Hackett_NumErrAlns,0.1-0.2,5,0.192175,0.156202,7,0,7,0,662,0,0,123775,749,0,176,123512
Hackett_NumErrAlns,0.1-0.2,5,0.192175,0.156202,7,0,7,1,662,0,0,123775,667,0,176,123594
Hackett_NumErrAlns,0.1-0.2,5,0.192175,0.156202,7,0,50,0,662,0,0,123775,654,0,88,123695
Hackett_NumErrAlns,0.1-0.2,5,0.192175,0.156202,7,0,50,1,662,0,0,123775,733,0,88,123616
Hackett_NumErrAlns,0.1-0.2,5,0.192175,0.156202,7,0,20,0,662,0,0,123775,738,0,88,123611
Hackett_NumErrAlns,0.1-0.2,5,0.192175,0.156202,7,0,20,1,662,0,0,123775,717,0,88,123632
Hackett_NumErrAlns,0.1-0.2,5,0.192175,0.156202,7,0,10,0,662,0,0,123775,734,0,88,123615
Hackett_NumErrAlns,0.1-0.2,5,0.192175,0.156202,7,0,10,1,662,0,0,123775,738,0,88,123611
Hackett_NumErrAlns,0.1-0.2,5,0.192175,0.156202,7,0,5,0,662,0,0,123775,737,11,165,123524
Hackett_NumErrAlns,0.1-0.2,5,0.192175,0.156202,7,0,5,1,662,0,0,123775,660,0,176,123601
Hackett_NumErrAlns,0.1-0.2,6,0.100242,0.084402,8,0,8,0,0,0,0,146868,13,0,176,146679
Hackett_NumErrAlns,0.1-0.2,6,0.100242,0.084402,8,0,8,1,0,0,0,146868,12,0,88,146768
Hackett_NumErrAlns,0.1-0.2,6,0.100242,0.084402,8,0,50,0,0,0,0,146868,4,9,79,146776
Hackett_NumErrAlns,0.1-0.2,6,0.100242,0.084402,8,0,50,1,0,0,0,146868,12,0,88,146768
Hackett_NumErrAlns,0.1-0.2,6,0.100242,0.084402,8,0,20,0,0,0,0,146868,7,0,88,146773
Hackett_NumErrAlns,0.1-0.2,6,0.100242,0.084402,8,0,20,1,0,0,0,146868,16,0,88,146764
Hackett_NumErrAlns,0.1-0.2,6,0.100242,0.084402,8,0,10,0,0,0,0,146868,8,0,88,146772
Hackett_NumErrAlns,0.1-0.2,6,0.100242,0.084402,8,0,10,1,0,0,0,146868,8,0,88,146772
Hackett_NumErrAlns,0.1-0.2,6,0.100242,0.084402,8,0,5,0,0,0,0,146868,17,3,173,146675
Hackett_NumErrAlns,0.1-0.2,6,0.100242,0.084402,8,0,5,1,0,0,0,146868,17,8,168,146675
Hackett_NumErrAlns,0.1-0.2,6,0.135158,0.12098,4,0,4,0,0,0,0,65055,1,39,49,64966
Hackett_NumErrAlns,0.1-0.2,6,0.135158,0.12098,4,0,4,1,0,0,0,65055,7,0,88,64960
Hackett_NumErrAlns,0.1-0.2,6,0.135158,0.12098,4,0,50,0,0,0,0,65055,9,0,88,64958
Hackett_NumErrAlns,0.1-0.2,6,0.135158,0.12098,4,0,50,1,0,0,0,65055,9,0,88,64958
Hackett_NumErrAlns,0.1-0.2,6,0.135158,0.12098,4,0,20,0,0,0,0,65055,0,38,50,64967
Hackett_NumErrAlns,0.1-0.2,6,0.135158,0.12098,4,0,20,1,0,0,0,65055,4,13,75,64963
Hackett_NumErrAlns,0.1-0.2,6,0.135158,0.12098,4,0,10,0,0,0,0,65055,3,11,77,64964
Hackett_NumErrAlns,0.1-0.2,6,0.135158,0.12098,4,0,10,1,0,0,0,65055,4,0,88,64963
Hackett_NumErrAlns,0.1-0.2,6,0.135158,0.12098,4,0,5,0,0,0,0,65055,8,26,62,64959
Hackett_NumErrAlns,0.1-0.2,6,0.135158,0.12098,4,0,5,1,0,0,0,65055,10,0,88,64957
Hackett_NumErrAlns,0.1-0.2,6,0.183779,0.139261,6,0,6,0,32,0,0,102677,49,29,147,102484
Hackett_NumErrAlns,0.1-0.2,6,0.183779,0.139261,6,0,6,1,32,0,0,102677,41,26,150,102492
Hackett_NumErrAlns,0.1-0.2,6,0.183779,0.139261,6,0,50,0,32,0,0,102677,37,15,73,102584
Hackett_NumErrAlns,0.1-0.2,6,0.183779,0.139261,6,0,50,1,32,0,0,102677,46,0,88,102575
Hackett_NumErrAlns,0.1-0.2,6,0.183779,0.139261,6,0,20,0,32,0,0,102677,35,0,88,102586
Hackett_NumErrAlns,0.1-0.2,6,0.183779,0.139261,6,0,20,1,32,0,0,102677,35,0,88,102586
Hackett_NumErrAlns,0.1-0.2,6,0.183779,0.139261,6,0,10,0,32,0,0,102677,34,21,67,102587
Hackett_NumErrAlns,0.1-0.2,6,0.183779,0.139261,6,0,10,1,32,0,0,102677,39,0,88,102582
Hackett_NumErrAlns,0.1-0.2,6,0.183779,0.139261,6,0,5,0,32,0,0,102677,42,15,161,102491
Hackett_NumErrAlns,0.1-0.2,6,0.183779,0.139261,6,0,5,1,32,0,0,102677,40,46,130,102493
Hackett_NumErrAlns,0.1-0.2,7,0.100242,0.08226,7,0,7,0,0,0,0,127970,17,16,160,127777
Hackett_NumErrAlns,0.1-0.2,7,0.100242,0.08226,7,0,7,1,0,0,0,127970,22,0,176,127772
Hackett_NumErrAlns,0.1-0.2,7,0.100242,0.08226,7,0,50,0,0,0,0,127970,9,0,88,127873
Hackett_NumErrAlns,0.1-0.2,7,0.100242,0.08226,7,0,50,1,0,0,0,127970,6,7,81,127876
Hackett_NumErrAlns,0.1-0.2,7,0.100242,0.08226,7,0,20,0,0,0,0,127970,14,0,88,127868
Hackett_NumErrAlns,0.1-0.2,7,0.100242,0.08226,7,0,20,1,0,0,0,127970,0,27,61,127882
Hackett_NumErrAlns,0.1-0.2,7,0.100242,0.08226,7,0,10,0,0,0,0,127970,10,0,88,127872
Hackett_NumErrAlns,0.1-0.2,7,0.100242,0.08226,7,0,10,1,0,0,0,127970,9,0,88,127873
Hackett_NumErrAlns,0.1-0.2,7,0.100242,0.08226,7,0,5,0,0,0,0,127970,10,0,88,127872
Hackett_NumErrAlns,0.1-0.2,7,0.100242,0.08226,7,0,5,1,0,0,0,127970,10,0,176,127784
Hackett_NumErrAlns,0.1-0.2,7,0.131243,0.11347,4,0,4,0,0,0,0,64707,5,2,86,64614
Hackett_NumErrAlns,0.1-0.2,7,0.131243,0.11347,4,0,4,1,0,0,0,64707,8,0,88,64611
Hackett_NumErrAlns,0.1-0.2,7,0.131243,0.11347,4,0,50,0,0,0,0,64707,5,14,74,64614
Hackett_NumErrAlns,0.1-0.2,7,0.131243,0.11347,4,0,50,1,0,0,0,64707,5,0,88,64614
Hackett_NumErrAlns,0.1-0.2,7,0.131243,0.11347,4,0,20,0,0,0,0,64707,4,0,88,64615
Hackett_NumErrAlns,0.1-0.2,7,0.131243,0.11347,4,0,20,1,0,0,0,64707,10,9,79,64609
Hackett_NumErrAlns,0.1-0.2,7,0.131243,0.11347,4,0,10,0,0,0,0,64707,6,0,88,64613
Hackett_NumErrAlns,0.1-0.2,7,0.131243,0.11347,4,0,10,1,0,0,0,64707,0,63,25,64619
Hackett_NumErrAlns,0.1-0.2,7,0.131243,0.11347,4,0,5,0,0,0,0,64707,0,14,74,64619
Hackett_NumErrAlns,0.1-0.2,7,0.131243,0.11347,4,0,5,1,0,0,0,64707,11,0,88,64608
Hackett_NumErrAlns,0.1-0.2,7,0.192175,0.153676,6,0,6,0,663,0,0,106364,730,0,88,106209
Hackett_NumErrAlns,0.1-0.2,7,0.192175,0.153676,6,0,6,1,663,0,0,106364,439,3,173,106412
Hackett_NumErrAlns,0.1-0.2,7,0.192175,0.153676,6,0,50,0,663,0,0,106364,424,0,88,106515
Hackett_NumErrAlns,0.1-0.2,7,0.192175,0.153676,6,0,50,1,663,0,0,106364,734,0,88,106205
Hackett_NumErrAlns,0.1-0.2,7,0.192175,0.153676,6,0,20,0,663,0,0,106364,726,61,27,106213
Hackett_NumErrAlns,0.1-0.2,7,0.192175,0.153676,6,0,20,1,663,0,0,106364,716,0,88,106223
Hackett_NumErrAlns,0.1-0.2,7,0.192175,0.153676,6,0,10,0,663,0,0,106364,430,0,88,106509
Hackett_NumErrAlns,0.1-0.2,7,0.192175,0.153676,6,0,10,1,663,0,0,106364,734,0,88,106205
Hackett_NumErrAlns,0.1-0.2,7,0.192175,0.153676,6,0,5,0,663,0,0,106364,732,0,88,106207
Hackett_NumErrAlns,0.1-0.2,7,0.192175,0.153676,6,0,5,1,663,0,0,106364,738,39,137,106113
Hackett_NumErrAlns,0.1-0.2,8,0.122,0.075268,7,0,7,0,0,0,0,131994,9,0,88,131897
Hackett_NumErrAlns,0.1-0.2,8,0.122,0.075268,7,0,7,1,0,0,0,131994,9,0,88,131897
Hackett_NumErrAlns,0.1-0.2,8,0.122,0.075268,7,0,50,0,0,0,0,131994,7,0,88,131899
Hackett_NumErrAlns,0.1-0.2,8,0.122,0.075268,7,0,50,1,0,0,0,131994,6,0,88,131900
Hackett_NumErrAlns,0.1-0.2,8,0.122,0.075268,7,0,20,0,0,0,0,131994,13,0,88,131893
Hackett_NumErrAlns,0.1-0.2,8,0.122,0.075268,7,0,20,1,0,0,0,131994,8,0,88,131898
Hackett_NumErrAlns,0.1-0.2,8,0.122,0.075268,7,0,10,0,0,0,0,131994,8,0,88,131898
Hackett_NumErrAlns,0.1-0.2,8,0.122,0.075268,7,0,10,1,0,0,0,131994,1,0,88,131905
Hackett_NumErrAlns,0.1-0.2,8,0.122,0.075268,7,0,5,0,0,0,0,131994,19,0,176,131799
Hackett_NumErrAlns,0.1-0.2,8,0.122,0.075268,7,0,5,1,0,0,0,131994,14,4,172,131804
Hackett_NumErrAlns,0.1-0.2,8,0.13438,0.13438,2,0,2,0,0,0,0,33176,0,176,0,33000
Hackett_NumErrAlns,0.1-0.2,8,0.13438,0.13438,2,0,2,1,0,0,0,33176,0,88,0,33088
Hackett_NumErrAlns,0.1-0.2,8,0.13438,0.13438,2,0,50,0,0,0,0,33176,0,88,0,33088
Hackett_NumErrAlns,0.1-0.2,8,0.13438,0.13438,2,0,50,1,0,0,0,33176,0,88,0,33088
Hackett_NumErrAlns,0.1-0.2,8,0.13438,0.13438,2,0,20,0,0,0,0,33176,0,88,0,33088
Hackett_NumErrAlns,0.1-0.2,8,0.13438,0.13438,2,0,20,1,0,0,0,33176,0,88,0,33088
Hackett_NumErrAlns,0.1-0.2,8,0.13438,0.13438,2,0,10,0,0,0,0,33176,0,88,0,33088
Hackett_NumErrAlns,0.1-0.2,8,0.13438,0.13438,2,0,10,1,0,0,0,33176,0,88,0,33088
Hackett_NumErrAlns,0.1-0.2,8,0.13438,0.13438,2,0,5,0,0,0,0,33176,0,88,0,33088
Hackett_NumErrAlns,0.1-0.2,8,0.13438,0.13438,2,0,5,1,0,0,0,33176,0,88,0,33088
Hackett_NumErrAlns,0.1-0.2,8,0.178131,0.127618,5,0,5,0,26,0,0,83425,70,0,176,83205
Hackett_NumErrAlns,0.1-0.2,8,0.178131,0.127618,5,0,5,1,26,0,0,83425,63,0,88,83300
Hackett_NumErrAlns,0.1-0.2,8,0.178131,0.127618,5,0,50,0,26,0,0,83425,58,12,76,83305
Hackett_NumErrAlns,0.1-0.2,8,0.178131,0.127618,5,0,50,1,26,0,0,83425,53,0,88,83310
Hackett_NumErrAlns,0.1-0.2,8,0.178131,0.127618,5,0,20,0,26,0,0,83425,58,0,88,83305
Hackett_NumErrAlns,0.1-0.2,8,0.178131,0.127618,5,0,20,1,26,0,0,83425,63,0,88,83300
Hackett_NumErrAlns,0.1-0.2,8,0.178131,0.127618,5,0,10,0,26,0,0,83425,60,0,88,83303
Hackett_NumErrAlns,0.1-0.2,8,0.178131,0.127618,5,0,10,1,26,0,0,83425,64,0,88,83299
Hackett_NumErrAlns,0.1-0.2,8,0.178131,0.127618,5,0,5,0,26,0,0,83425,67,0,176,83208
Hackett_NumErrAlns,0.1-0.2,8,0.178131,0.127618,5,0,5,1,26,0,0,83425,61,13,163,83214
Hackett_NumErrAlns,0.1-0.2,9,0.105679,0.084422,6,0,6,0,0,0,0,118348,9,0,88,118251
Hackett_NumErrAlns,0.1-0.2,9,0.105679,0.084422,6,0,6,1,0,0,0,118348,19,0,176,118153
Hackett_NumErrAlns,0.1-0.2,9,0.105679,0.084422,6,0,50,0,0,0,0,118348,11,0,88,118249
Hackett_NumErrAlns,0.1-0.2,9,0.105679,0.084422,6,0,50,1,0,0,0,118348,4,4,84,118256
Hackett_NumErrAlns,0.1-0.2,9,0.105679,0.084422,6,0,20,0,0,0,0,118348,15,0,88,118245
Hackett_NumErrAlns,0.1-0.2,9,0.105679,0.084422,6,0,20,1,0,0,0,118348,9,0,88,118251
Hackett_NumErrAlns,0.1-0.2,9,0.105679,0.084422,6,0,10,0,0,0,0,118348,11,0,88,118249
Hackett_NumErrAlns,0.1-0.2,9,0.105679,0.084422,6,0,10,1,0,0,0,118348,9,0,88,118251
Hackett_NumErrAlns,0.1-0.2,9,0.105679,0.084422,6,0,5,0,0,0,0,118348,19,0,176,118153
Hackett_NumErrAlns,0.1-0.2,9,0.105679,0.084422,6,0,5,1,0,0,0,118348,12,0,176,118160
Hackett_NumErrAlns,0.1-0.2,9,0.138163,0.138163,2,0,2,0,0,0,0,37256,0,88,0,37168
Hackett_NumErrAlns,0.1-0.2,9,0.138163,0.138163,2,0,2,1,0,0,0,37256,0,176,0,37080
Hackett_NumErrAlns,0.1-0.2,9,0.138163,0.138163,2,0,50,0,0,0,0,37256,0,88,0,37168
Hackett_NumErrAlns,0.1-0.2,9,0.138163,0.138163,2,0,50,1,0,0,0,37256,0,88,0,37168
Hackett_NumErrAlns,0.1-0.2,9,0.138163,0.138163,2,0,20,0,0,0,0,37256,0,88,0,37168
Hackett_NumErrAlns,0.1-0.2,9,0.138163,0.138163,2,0,20,1,0,0,0,37256,0,88,0,37168
Hackett_NumErrAlns,0.1-0.2,9,0.138163,0.138163,2,0,10,0,0,0,0,37256,0,88,0,37168
Hackett_NumErrAlns,0.1-0.2,9,0.138163,0.138163,2,0,10,1,0,0,0,37256,0,88,0,37168
Hackett_NumErrAlns,0.1-0.2,9,0.138163,0.138163,2,0,5,0,0,0,0,37256,0,88,0,37168
Hackett_NumErrAlns,0.1-0.2,9,0.138163,0.138163,2,0,5,1,0,0,0,37256,0,88,0,37168
Hackett_NumErrAlns,0.1-0.2,9,0.178452,0.145138,4,0,4,0,304,0,0,72797,346,9,79,72667
Hackett_NumErrAlns,0.1-0.2,9,0.178452,0.145138,4,0,4,1,304,0,0,72797,363,0,176,72562
Hackett_NumErrAlns,0.1-0.2,9,0.178452,0.145138,4,0,50,0,304,0,0,72797,353,0,88,72660
Hackett_NumErrAlns,0.1-0.2,9,0.178452,0.145138,4,0,50,1,304,0,0,72797,355,0,88,72658
Hackett_NumErrAlns,0.1-0.2,9,0.178452,0.145138,4,0,20,0,304,0,0,72797,362,0,88,72651
Hackett_NumErrAlns,0.1-0.2,9,0.178452,0.145138,4,0,20,1,304,0,0,72797,344,34,54,72669
Hackett_NumErrAlns,0.1-0.2,9,0.178452,0.145138,4,0,10,0,304,0,0,72797,350,37,51,72663
Hackett_NumErrAlns,0.1-0.2,9,0.178452,0.145138,4,0,10,1,304,0,0,72797,354,0,88,72659
Hackett_NumErrAlns,0.1-0.2,9,0.178452,0.145138,4,0,5,0,304,0,0,72797,354,0,88,72659
Hackett_NumErrAlns,0.1-0.2,9,0.178452,0.145138,4,0,5,1,304,0,0,72797,351,0,88,72662
Hackett_NumErrAlns,0.2-0.3,0,0.210354,0.152289,24,0,24,0,34,0,0,433679,52,0,176,433485
Hackett_NumErrAlns,0.2-0.3,0,0.210354,0.152289,24,0,24,1,34,0,0,433679,50,0,176,433487
Hackett_NumErrAlns,0.2-0.3,0,0.210354,0.152289,24,0,50,0,34,0,0,433679,9,0,88,433616
Hackett_NumErrAlns,0.2-0.3,0,0.210354,0.152289,24,0,50,1,34,0,0,433679,41,4,84,433584
Hackett_NumErrAlns,0.2-0.3,0,0.210354,0.152289,24,0,20,0,34,0,0,433679,41,16,160,433496
Hackett_NumErrAlns,0.2-0.3,0,0.210354,0.152289,24,0,20,1,34,0,0,433679,50,14,162,433487
Hackett_NumErrAlns,0.2-0.3,0,0.210354,0.152289,24,0,10,0,34,0,0,433679,55,15,249,433394
Hackett_NumErrAlns,0.2-0.3,0,0.210354,0.152289,24,0,10,1,34,0,0,433679,48,0,176,433489
Hackett_NumErrAlns,0.2-0.3,0,0.210354,0.152289,24,0,5,0,34,0,0,433679,60,68,372,433213
Hackett_NumErrAlns,0.2-0.3,0,0.210354,0.152289,24,0,5,1,34,0,0,433679,69,19,421,433204
Hackett_NumErrAlns,0.2-0.3,0,0.24826,0.133997,29,0,29,0,1121,0,0,546844,1009,5,171,546780
Hackett_NumErrAlns,0.2-0.3,0,0.24826,0.133997,29,0,29,1,1121,0,0,546844,1089,15,161,546700
Hackett_NumErrAlns,0.2-0.3,0,0.24826,0.133997,29,0,50,0,1121,0,0,546844,1087,0,88,546790
Hackett_NumErrAlns,0.2-0.3,0,0.24826,0.133997,29,0,50,1,1121,0,0,546844,1080,18,70,546797
Hackett_NumErrAlns,0.2-0.3,0,0.24826,0.133997,29,0,20,0,1121,0,0,546844,1096,33,143,546693
Hackett_NumErrAlns,0.2-0.3,0,0.24826,0.133997,29,0,20,1,1121,0,0,546844,1080,0,176,546709
Hackett_NumErrAlns,0.2-0.3,0,0.24826,0.133997,29,0,10,0,1121,0,0,546844,1102,3,261,546599
Hackett_NumErrAlns,0.2-0.3,0,0.24826,0.133997,29,0,10,1,1121,0,0,546844,1078,54,210,546623
Hackett_NumErrAlns,0.2-0.3,0,0.24826,0.133997,29,0,5,0,1121,0,0,546844,1108,34,494,546329
Hackett_NumErrAlns,0.2-0.3,0,0.24826,0.133997,29,0,5,1,1121,0,0,546844,1094,23,417,546431
Hackett_NumErrAlns,0.2-0.3,0,0.261951,0.131788,12,0,12,0,174,0,0,215752,189,25,151,215561
Hackett_NumErrAlns,0.2-0.3,0,0.261951,0.131788,12,0,12,1,174,0,0,215752,171,0,176,215579
Hackett_NumErrAlns,0.2-0.3,0,0.261951,0.131788,12,0,50,0,174,0,0,215752,192,0,88,215646
Hackett_NumErrAlns,0.2-0.3,0,0.261951,0.131788,12,0,50,1,174,0,0,215752,187,0,88,215651
Hackett_NumErrAlns,0.2-0.3,0,0.261951,0.131788,12,0,20,0,174,0,0,215752,184,12,76,215654
Hackett_NumErrAlns,0.2-0.3,0,0.261951,0.131788,12,0,20,1,174,0,0,215752,138,0,88,215700
Hackett_NumErrAlns,0.2-0.3,0,0.261951,0.131788,12,0,10,0,174,0,0,215752,196,12,164,215554
Hackett_NumErrAlns,0.2-0.3,0,0.261951,0.131788,12,0,10,1,174,0,0,215752,192,5,171,215558
Hackett_NumErrAlns,0.2-0.3,0,0.261951,0.131788,12,0,5,0,174,0,0,215752,70,7,257,215592
Hackett_NumErrAlns,0.2-0.3,0,0.261951,0.131788,12,0,5,1,174,0,0,215752,209,0,264,215453
Hackett_NumErrAlns,0.2-0.3,0,0.279992,0.189043,46,0,46,0,1869,0,0,855764,1888,9,167,855569
Hackett_NumErrAlns,0.2-0.3,0,0.279992,0.189043,46,0,46,1,1869,0,0,855764,1699,34,142,855758
Hackett_NumErrAlns,0.2-0.3,0,0.279992,0.189043,46,0,50,0,1869,0,0,855764,1921,0,88,855624
Hackett_NumErrAlns,0.2-0.3,0,0.279992,0.189043,46,0,50,1,1869,0,0,855764,1922,0,88,855623
Hackett_NumErrAlns,0.2-0.3,0,0.279992,0.189043,46,0,20,0,1869,0,0,855764,1922,48,216,855447
Hackett_NumErrAlns,0.2-0.3,0,0.279992,0.189043,46,0,20,1,1869,0,0,855764,1930,40,224,855439
Hackett_NumErrAlns,0.2-0.3,0,0.279992,0.189043,46,0,10,0,1869,0,0,855764,1459,54,386,855734
Hackett_NumErrAlns,0.2-0.3,0,0.279992,0.189043,46,0,10,1,1869,0,0,855764,1478,109,331,855715
Hackett_NumErrAlns,0.2-0.3,0,0.279992,0.189043,46,0,5,0,1869,0,0,855764,1525,47,833,855228
Hackett_NumErrAlns,0.2-0.3,0,0.279992,0.189043,46,0,5,1,1869,0,0,855764,1919,11,77,855626
Hackett_NumErrAlns,0.2-0.3,1,0.210354,0.1497,23,0,23,0,32,0,0,418955,12,17,159,418799
Hackett_NumErrAlns,0.2-0.3,1,0.210354,0.1497,23,0,23,1,32,0,0,418955,37,15,161,418774
Hackett_NumErrAlns,0.2-0.3,1,0.210354,0.1497,23,0,50,0,32,0,0,418955,40,0,88,418859
Hackett_NumErrAlns,0.2-0.3,1,0.210354,0.1497,23,0,50,1,32,0,0,418955,36,8,80,418863
Hackett_NumErrAlns,0.2-0.3,1,0.210354,0.1497,23,0,20,0,32,0,0,418955,41,1,175,418770
Hackett_NumErrAlns,0.2-0.3,1,0.210354,0.1497,23,0,20,1,32,0,0,418955,44,7,169,418767
Hackett_NumErrAlns,0.2-0.3,1,0.210354,0.1497,23,0,10,0,32,0,0,418955,48,43,221,418675
Hackett_NumErrAlns,0.2-0.3,1,0.210354,0.1497,23,0,10,1,32,0,0,418955,63,0,264,418660
Hackett_NumErrAlns,0.2-0.3,1,0.210354,0.1497,23,0,5,0,32,0,0,418955,77,0,440,418470
Hackett_NumErrAlns,0.2-0.3,1,0.210354,0.1497,23,0,5,1,32,0,0,418955,69,24,416,418478
Hackett_NumErrAlns,0.2-0.3,1,0.24826,0.132516,27,0,27,0,1243,0,0,508107,1256,0,176,507918
Hackett_NumErrAlns,0.2-0.3,1,0.24826,0.132516,27,0,27,1,1243,0,0,508107,1250,16,160,507924
Hackett_NumErrAlns,0.2-0.3,1,0.24826,0.132516,27,0,50,0,1243,0,0,508107,1245,0,88,508017
Hackett_NumErrAlns,0.2-0.3,1,0.24826,0.132516,27,0,50,1,1243,0,0,508107,1241,2,86,508021
Hackett_NumErrAlns,0.2-0.3,1,0.24826,0.132516,27,0,20,0,1243,0,0,508107,1106,8,168,508068
Hackett_NumErrAlns,0.2-0.3,1,0.24826,0.132516,27,0,20,1,1243,0,0,508107,1224,0,176,507950
Hackett_NumErrAlns,0.2-0.3,1,0.24826,0.132516,27,0,10,0,1243,0,0,508107,1196,0,264,507890
Hackett_NumErrAlns,0.2-0.3,1,0.24826,0.132516,27,0,10,1,1243,0,0,508107,1208,1,263,507878
Hackett_NumErrAlns,0.2-0.3,1,0.24826,0.132516,27,0,5,0,1243,0,0,508107,1251,0,352,507747
Hackett_NumErrAlns,0.2-0.3,1,0.24826,0.132516,27,0,5,1,1243,0,0,508107,1157,12,252,507929
Hackett_NumErrAlns,0.2-0.3,1,0.261951,0.141405,8,0,8,0,0,0,0,137289,3,0,88,137198
Hackett_NumErrAlns,0.2-0.3,1,0.261951,0.141405,8,0,8,1,0,0,0,137289,17,6,170,137096
Hackett_NumErrAlns,0.2-0.3,1,0.261951,0.141405,8,0,50,0,0,0,0,137289,0,15,73,137201
Hackett_NumErrAlns,0.2-0.3,1,0.261951,0.141405,8,0,50,1,0,0,0,137289,7,0,88,137194
Hackett_NumErrAlns,0.2-0.3,1,0.261951,0.141405,8,0,20,0,0,0,0,137289,6,0,88,137195
Hackett_NumErrAlns,0.2-0.3,1,0.261951,0.141405,8,0,20,1,0,0,0,137289,10,0,88,137191
Hackett_NumErrAlns,0.2-0.3,1,0.261951,0.141405,8,0,10,0,0,0,0,137289,9,0,88,137192
Hackett_NumErrAlns,0.2-0.3,1,0.261951,0.141405,8,0,10,1,0,0,0,137289,7,8,80,137194
Hackett_NumErrAlns,0.2-0.3,1,0.261951,0.141405,8,0,5,0,0,0,0,137289,11,0,176,137102
Hackett_NumErrAlns,0.2-0.3,1,0.261951,0.141405,8,0,5,1,0,0,0,137289,21,4,172,137092
Hackett_NumErrAlns,0.2-0.3,1,0.279992,0.192586,42,0,42,0,1903,0,0,777738,1921,54,122,777544
Hackett_NumErrAlns,0.2-0.3,1,0.279992,0.192586,42,0,42,1,1903,0,0,777738,1670,0,176,777795
Hackett_NumErrAlns,0.2-0.3,1,0.279992,0.192586,42,0,50,0,1903,0,0,777738,1924,0,88,777629
Hackett_NumErrAlns,0.2-0.3,1,0.279992,0.192586,42,0,50,1,1903,0,0,777738,1922,10,78,777631
Hackett_NumErrAlns,0.2-0.3,1,0.279992,0.192586,42,0,20,0,1903,0,0,777738,1934,6,258,777443
Hackett_NumErrAlns,0.2-0.3,1,0.279992,0.192586,42,0,20,1,1903,0,0,777738,1662,38,226,777715
Hackett_NumErrAlns,0.2-0.3,1,0.279992,0.192586,42,0,10,0,1903,0,0,777738,1685,83,357,777516
Hackett_NumErrAlns,0.2-0.3,1,0.279992,0.192586,42,0,10,1,1903,0,0,777738,1712,95,345,777489
Hackett_NumErrAlns,0.2-0.3,1,0.279992,0.192586,42,0,5,0,1903,0,0,777738,1917,58,30,777636
Hackett_NumErrAlns,0.2-0.3,1,0.279992,0.192586,42,0,5,1,1903,0,0,777738,1732,75,629,777205
Hackett_NumErrAlns,0.2-0.3,2,0.201619,0.147005,11,0,11,0,0,0,0,204817,91,22,154,204550
Hackett_NumErrAlns,0.2-0.3,2,0.201619,0.147005,11,0,11,1,0,0,0,204817,91,11,165,204550
Hackett_NumErrAlns,0.2-0.3,2,0.201619,0.147005,11,0,50,0,0,0,0,204817,83,10,78,204646
Hackett_NumErrAlns,0.2-0.3,2,0.201619,0.147005,11,0,50,1,0,0,0,204817,85,0,88,204644
Hackett_NumErrAlns,0.2-0.3,2,0.201619,0.147005,11,0,20,0,0,0,0,204817,81,10,78,204648
Hackett_NumErrAlns,0.2-0.3,2,0.201619,0.147005,11,0,20,1,0,0,0,204817,89,0,88,204640
Hackett_NumErrAlns,0.2-0.3,2,0.201619,0.147005,11,0,10,0,0,0,0,204817,60,2,174,204581
Hackett_NumErrAlns,0.2-0.3,2,0.201619,0.147005,11,0,10,1,0,0,0,204817,88,13,163,204553
Hackett_NumErrAlns,0.2-0.3,2,0.201619,0.147005,11,0,5,0,0,0,0,204817,96,22,242,204457
Hackett_NumErrAlns,0.2-0.3,2,0.201619,0.147005,11,0,5,1,0,0,0,204817,87,0,88,204642
Hackett_NumErrAlns,0.2-0.3,2,0.225844,0.150677,15,0,15,0,69,0,0,270853,112,0,176,270634
Hackett_NumErrAlns,0.2-0.3,2,0.225844,0.150677,15,0,15,1,69,0,0,270853,75,2,174,270671
Hackett_NumErrAlns,0.2-0.3,2,0.225844,0.150677,15,0,50,0,69,0,0,270853,105,0,88,270729
Hackett_NumErrAlns,0.2-0.3,2,0.225844,0.150677,15,0,50,1,69,0,0,270853,103,0,88,270731
Hackett_NumErrAlns,0.2-0.3,2,0.225844,0.150677,15,0,20,0,69,0,0,270853,101,0,88,270733
Hackett_NumErrAlns,0.2-0.3,2,0.225844,0.150677,15,0,20,1,69,0,0,270853,96,12,76,270738
Hackett_NumErrAlns,0.2-0.3,2,0.225844,0.150677,15,0,10,0,69,0,0,270853,67,0,88,270767
Hackett_NumErrAlns,0.2-0.3,2,0.225844,0.150677,15,0,10,1,69,0,0,270853,99,30,146,270647
Hackett_NumErrAlns,0.2-0.3,2,0.225844,0.150677,15,0,5,0,69,0,0,270853,103,6,170,270643
Hackett_NumErrAlns,0.2-0.3,2,0.225844,0.150677,15,0,5,1,69,0,0,270853,148,0,352,270422
Hackett_NumErrAlns,0.2-0.3,2,0.265914,0.220603,4,0,4,0,0,0,0,63526,54,0,176,63296
Hackett_NumErrAlns,0.2-0.3,2,0.265914,0.220603,4,0,4,1,0,0,0,63526,4,90,86,63346
Hackett_NumErrAlns,0.2-0.3,2,0.265914,0.220603,4,0,50,0,0,0,0,63526,1,10,78,63437
Hackett_NumErrAlns,0.2-0.3,2,0.265914,0.220603,4,0,50,1,0,0,0,63526,6,8,80,63432
Hackett_NumErrAlns,0.2-0.3,2,0.265914,0.220603,4,0,20,0,0,0,0,63526,40,3,85,63398
Hackett_NumErrAlns,0.2-0.3,2,0.265914,0.220603,4,0,20,1,0,0,0,63526,7,0,88,63431
Hackett_NumErrAlns,0.2-0.3,2,0.265914,0.220603,4,0,10,0,0,0,0,63526,0,22,66,63438
Hackett_NumErrAlns,0.2-0.3,2,0.265914,0.220603,4,0,10,1,0,0,0,63526,42,0,88,63396
Hackett_NumErrAlns,0.2-0.3,2,0.265914,0.220603,4,0,5,0,0,0,0,63526,2,11,77,63436
Hackett_NumErrAlns,0.2-0.3,2,0.265914,0.220603,4,0,5,1,0,0,0,63526,0,88,0,63438
Hackett_NumErrAlns,0.2-0.3,2,0.279992,0.193723,38,0,38,0,1840,0,0,699724,1959,0,176,699429
Hackett_NumErrAlns,0.2-0.3,2,0.279992,0.193723,38,0,38,1,1840,0,0,699724,1952,0,176,699436
Hackett_NumErrAlns,0.2-0.3,2,0.279992,0.193723,38,0,50,0,1840,0,0,699724,1767,45,43,699709
Hackett_NumErrAlns,0.2-0.3,2,0.279992,0.193723,38,0,50,1,1840,0,0,699724,1931,0,88,699545
Hackett_NumErrAlns,0.2-0.3,2,0.279992,0.193723,38,0,20,0,1840,0,0,699724,1955,9,167,699433
Hackett_NumErrAlns,0.2-0.3,2,0.279992,0.193723,38,0,20,1,1840,0,0,699724,1952,5,171,699436
Hackett_NumErrAlns,0.2-0.3,2,0.279992,0.193723,38,0,10,0,1840,0,0,699724,1735,5,347,699477
Hackett_NumErrAlns,0.2-0.3,2,0.279992,0.193723,38,0,10,1,1840,0,0,699724,1958,66,286,699254
Hackett_NumErrAlns,0.2-0.3,2,0.279992,0.193723,38,0,5,0,1840,0,0,699724,1969,92,612,698891
Hackett_NumErrAlns,0.2-0.3,2,0.279992,0.193723,38,0,5,1,1840,0,0,699724,1571,112,592,699289
Hackett_NumErrAlns,0.2-0.3,3,0.216548,0.15069,9,0,9,0,0,0,0,156680,38,34,142,156466
Hackett_NumErrAlns,0.2-0.3,3,0.216548,0.15069,9,0,9,1,0,0,0,156680,41,0,176,156463
Hackett_NumErrAlns,0.2-0.3,3,0.216548,0.15069,9,0,50,0,0,0,0,156680,24,6,82,156568
Hackett_NumErrAlns,0.2-0.3,3,0.216548,0.15069,9,0,50,1,0,0,0,156680,33,0,88,156559
Hackett_NumErrAlns,0.2-0.3,3,0.216548,0.15069,9,0,20,0,0,0,0,156680,32,15,73,156560
Hackett_NumErrAlns,0.2-0.3,3,0.216548,0.15069,9,0,20,1,0,0,0,156680,5,0,88,156587
Hackett_NumErrAlns,0.2-0.3,3,0.216548,0.15069,9,0,10,0,0,0,0,156680,31,0,88,156561
Hackett_NumErrAlns,0.2-0.3,3,0.216548,0.15069,9,0,10,1,0,0,0,156680,25,9,79,156567
Hackett_NumErrAlns,0.2-0.3,3,0.216548,0.15069,9,0,5,0,0,0,0,156680,36,7,169,156468
Hackett_NumErrAlns,0.2-0.3,3,0.216548,0.15069,9,0,5,1,0,0,0,156680,40,0,176,156464
Hackett_NumErrAlns,0.2-0.3,3,0.230389,0.123082,9,0,9,0,139,0,0,169619,157,0,176,169425
Hackett_NumErrAlns,0.2-0.3,3,0.230389,0.123082,9,0,9,1,139,0,0,169619,289,1,175,169293
Hackett_NumErrAlns,0.2-0.3,3,0.230389,0.123082,9,0,50,0,139,0,0,169619,272,8,80,169398
Hackett_NumErrAlns,0.2-0.3,3,0.230389,0.123082,9,0,50,1,139,0,0,169619,276,0,88,169394
Hackett_NumErrAlns,0.2-0.3,3,0.230389,0.123082,9,0,20,0,139,0,0,169619,136,3,85,169534
Hackett_NumErrAlns,0.2-0.3,3,0.230389,0.123082,9,0,20,1,139,0,0,169619,276,4,84,169394
Hackett_NumErrAlns,0.2-0.3,3,0.230389,0.123082,9,0,10,0,139,0,0,169619,277,0,88,169393
Hackett_NumErrAlns,0.2-0.3,3,0.230389,0.123082,9,0,10,1,139,0,0,169619,179,0,88,169491
Hackett_NumErrAlns,0.2-0.3,3,0.230389,0.123082,9,0,5,0,139,0,0,169619,289,21,155,169293
Hackett_NumErrAlns,0.2-0.3,3,0.230389,0.123082,9,0,5,1,139,0,0,169619,184,0,176,169398
Hackett_NumErrAlns,0.2-0.3,3,0.279992,0.19348,33,0,33,0,1087,0,0,602384,1076,6,170,602219
Hackett_NumErrAlns,0.2-0.3,3,0.279992,0.19348,33,0,33,1,1087,0,0,602384,932,0,176,602363
Hackett_NumErrAlns,0.2-0.3,3,0.279992,0.19348,33,0,50,0,1087,0,0,602384,1016,0,88,602367
Hackett_NumErrAlns,0.2-0.3,3,0.279992,0.19348,33,0,50,1,1087,0,0,602384,1063,15,73,602320
Hackett_NumErrAlns,0.2-0.3,3,0.279992,0.19348,33,0,20,0,1087,0,0,602384,937,0,176,602358
Hackett_NumErrAlns,0.2-0.3,3,0.279992,0.19348,33,0,20,1,1087,0,0,602384,914,2,174,602381
Hackett_NumErrAlns,0.2-0.3,3,0.279992,0.19348,33,0,10,0,1087,0,0,602384,1113,1,351,602006
Hackett_NumErrAlns,0.2-0.3,3,0.279992,0.19348,33,0,10,1,1087,0,0,602384,974,0,352,602145
Hackett_NumErrAlns,0.2-0.3,3,0.279992,0.19348,33,0,5,0,1087,0,0,602384,1102,0,176,602193
Hackett_NumErrAlns,0.2-0.3,3,0.279992,0.19348,33,0,5,1,1087,0,0,602384,1125,41,487,601818
Hackett_NumErrAlns,0.2-0.3,4,0.201619,0.144246,9,0,9,0,121,0,0,164873,118,0,176,164700
Hackett_NumErrAlns,0.2-0.3,4,0.201619,0.144246,9,0,9,1,121,0,0,164873,156,88,88,164662
Hackett_NumErrAlns,0.2-0.3,4,0.201619,0.144246,9,0,50,0,121,0,0,164873,157,0,88,164749
Hackett_NumErrAlns,0.2-0.3,4,0.201619,0.144246,9,0,50,1,121,0,0,164873,190,0,88,164716
Hackett_NumErrAlns,0.2-0.3,4,0.201619,0.144246,9,0,20,0,121,0,0,164873,195,0,88,164711
Hackett_NumErrAlns,0.2-0.3,4,0.201619,0.144246,9,0,20,1,121,0,0,164873,137,0,88,164769
Hackett_NumErrAlns,0.2-0.3,4,0.201619,0.144246,9,0,10,0,121,0,0,164873,133,10,78,164773
Hackett_NumErrAlns,0.2-0.3,4,0.201619,0.144246,9,0,10,1,121,0,0,164873,187,13,75,164719
Hackett_NumErrAlns,0.2-0.3,4,0.201619,0.144246,9,0,5,0,121,0,0,164873,166,0,176,164652
Hackett_NumErrAlns,0.2-0.3,4,0.201619,0.144246,9,0,5,1,121,0,0,164873,143,8,168,164675
Hackett_NumErrAlns,0.2-0.3,4,0.23304,0.164816,8,0,8,0,0,0,0,147254,15,0,176,147063
Hackett_NumErrAlns,0.2-0.3,4,0.23304,0.164816,8,0,8,1,0,0,0,147254,34,11,165,147044
Hackett_NumErrAlns,0.2-0.3,4,0.23304,0.164816,8,0,50,0,0,0,0,147254,56,23,65,147110
Hackett_NumErrAlns,0.2-0.3,4,0.23304,0.164816,8,0,50,1,0,0,0,147254,55,0,88,147111
Hackett_NumErrAlns,0.2-0.3,4,0.23304,0.164816,8,0,20,0,0,0,0,147254,59,0,88,147107
Hackett_NumErrAlns,0.2-0.3,4,0.23304,0.164816,8,0,20,1,0,0,0,147254,64,0,88,147102
Hackett_NumErrAlns,0.2-0.3,4,0.23304,0.164816,8,0,10,0,0,0,0,147254,30,25,63,147136
Hackett_NumErrAlns,0.2-0.3,4,0.23304,0.164816,8,0,10,1,0,0,0,147254,64,0,88,147102
Hackett_NumErrAlns,0.2-0.3,4,0.23304,0.164816,8,0,5,0,0,0,0,147254,64,12,164,147014
Hackett_NumErrAlns,0.2-0.3,4,0.23304,0.164816,8,0,5,1,0,0,0,147254,65,1,175,147013
Hackett_NumErrAlns,0.2-0.3,4,0.278057,0.178463,16,0,16,0,107,0,0,299260,120,0,176,299071
Hackett_NumErrAlns,0.2-0.3,4,0.278057,0.178463,16,0,16,1,107,0,0,299260,105,11,165,299086
Hackett_NumErrAlns,0.2-0.3,4,0.278057,0.178463,16,0,50,0,107,0,0,299260,161,0,88,299118
Hackett_NumErrAlns,0.2-0.3,4,0.278057,0.178463,16,0,50,1,107,0,0,299260,115,0,88,299164
Hackett_NumErrAlns,0.2-0.3,4,0.278057,0.178463,16,0,20,0,107,0,0,299260,155,1,87,299124
Hackett_NumErrAlns,0.2-0.3,4,0.278057,0.178463,16,0,20,1,107,0,0,299260,162,0,88,299117
Hackett_NumErrAlns,0.2-0.3,4,0.278057,0.178463,16,0,10,0,107,0,0,299260,135,0,176,299056
Hackett_NumErrAlns,0.2-0.3,4,0.278057,0.178463,16,0,10,1,107,0,0,299260,157,4,84,299122
Hackett_NumErrAlns,0.2-0.3,4,0.278057,0.178463,16,0,5,0,107,0,0,299260,177,40,312,298838
Hackett_NumErrAlns,0.2-0.3,4,0.278057,0.178463,16,0,5,1,107,0,0,299260,167,20,332,298848
Hackett_NumErrAlns,0.2-0.3,5,0.216548,0.149112,8,0,8,0,0,0,0,138603,65,0,176,138362
Hackett_NumErrAlns,0.2-0.3,5,0.216548,0.149112,8,0,8,1,0,0,0,138603,64,0,176,138363
Hackett_NumErrAlns,0.2-0.3,5,0.216548,0.149112,8,0,50,0,0,0,0,138603,55,1,87,138460
Hackett_NumErrAlns,0.2-0.3,5,0.216548,0.149112,8,0,50,1,0,0,0,138603,54,6,82,138461
Hackett_NumErrAlns,0.2-0.3,5,0.216548,0.149112,8,0,20,0,0,0,0,138603,26,0,88,138489
Hackett_NumErrAlns,0.2-0.3,5,0.216548,0.149112,8,0,20,1,0,0,0,138603,27,5,83,138488
Hackett_NumErrAlns,0.2-0.3,5,0.216548,0.149112,8,0,10,0,0,0,0,138603,64,0,88,138451
Hackett_NumErrAlns,0.2-0.3,5,0.216548,0.149112,8,0,10,1,0,0,0,138603,59,0,88,138456
Hackett_NumErrAlns,0.2-0.3,5,0.216548,0.149112,8,0,5,0,0,0,0,138603,63,32,144,138364
Hackett_NumErrAlns,0.2-0.3,5,0.216548,0.149112,8,0,5,1,0,0,0,138603,65,0,176,138362
Hackett_NumErrAlns,0.2-0.3,5,0.248331,0.180297,6,0,6,0,0,0,0,102231,34,28,148,102021
Hackett_NumErrAlns,0.2-0.3,5,0.248331,0.180297,6,0,6,1,0,0,0,102231,35,0,176,102020
Hackett_NumErrAlns,0.2-0.3,5,0.248331,0.180297,6,0,50,0,0,0,0,102231,28,8,80,102115
Hackett_NumErrAlns,0.2-0.3,5,0.248331,0.180297,6,0,50,1,0,0,0,102231,32,88,0,102111
Hackett_NumErrAlns,0.2-0.3,5,0.248331,0.180297,6,0,20,0,0,0,0,102231,37,0,88,102106
Hackett_NumErrAlns,0.2-0.3,5,0.248331,0.180297,6,0,20,1,0,0,0,102231,29,17,71,102114
Hackett_NumErrAlns,0.2-0.3,5,0.248331,0.180297,6,0,10,0,0,0,0,102231,33,0,88,102110
Hackett_NumErrAlns,0.2-0.3,5,0.248331,0.180297,6,0,10,1,0,0,0,102231,22,29,59,102121
Hackett_NumErrAlns,0.2-0.3,5,0.248331,0.180297,6,0,5,0,0,0,0,102231,46,0,176,102009
Hackett_NumErrAlns,0.2-0.3,5,0.248331,0.180297,6,0,5,1,0,0,0,102231,32,13,163,102023
Hackett_NumErrAlns,0.2-0.3,6,0.201619,0.123449,7,0,7,0,100,0,0,125067,58,8,168,124933
Hackett_NumErrAlns,0.2-0.3,6,0.201619,0.123449,7,0,7,1,100,0,0,125067,72,13,163,124919
Hackett_NumErrAlns,0.2-0.3,6,0.201619,0.123449,7,0,50,0,100,0,0,125067,63,0,88,125016
Hackett_NumErrAlns,0.2-0.3,6,0.201619,0.123449,7,0,50,1,100,0,0,125067,142,0,88,124937
Hackett_NumErrAlns,0.2-0.3,6,0.201619,0.123449,7,0,20,0,100,0,0,125067,55,0,88,125024
Hackett_NumErrAlns,0.2-0.3,6,0.201619,0.123449,7,0,20,1,100,0,0,125067,65,0,88,125014
Hackett_NumErrAlns,0.2-0.3,6,0.201619,0.123449,7,0,10,0,100,0,0,125067,55,9,79,125024
Hackett_NumErrAlns,0.2-0.3,6,0.201619,0.123449,7,0,10,1,100,0,0,125067,128,11,77,124951
Hackett_NumErrAlns,0.2-0.3,6,0.201619,0.123449,7,0,5,0,100,0,0,125067,63,6,170,124928
Hackett_NumErrAlns,0.2-0.3,6,0.201619,0.123449,7,0,5,1,100,0,0,125067,52,92,84,124939
Hackett_NumErrAlns,0.2-0.3,6,0.23021,0.172948,6,0,6,0,0,0,0,103048,57,23,153,102815
Hackett_NumErrAlns,0.2-0.3,6,0.23021,0.172948,6,0,6,1,0,0,0,103048,67,23,153,102805
Hackett_NumErrAlns,0.2-0.3,6,0.23021,0.172948,6,0,50,0,0,0,0,103048,53,31,57,102907
Hackett_NumErrAlns,0.2-0.3,6,0.23021,0.172948,6,0,50,1,0,0,0,103048,51,7,81,102909
Hackett_NumErrAlns,0.2-0.3,6,0.23021,0.172948,6,0,20,0,0,0,0,103048,62,0,88,102898
Hackett_NumErrAlns,0.2-0.3,6,0.23021,0.172948,6,0,20,1,0,0,0,103048,34,0,88,102926
Hackett_NumErrAlns,0.2-0.3,6,0.23021,0.172948,6,0,10,0,0,0,0,103048,36,10,78,102924
Hackett_NumErrAlns,0.2-0.3,6,0.23021,0.172948,6,0,10,1,0,0,0,103048,63,0,88,102897
Hackett_NumErrAlns,0.2-0.3,6,0.23021,0.172948,6,0,5,0,0,0,0,103048,65,13,163,102807
Hackett_NumErrAlns,0.2-0.3,6,0.23021,0.172948,6,0,5,1,0,0,0,103048,34,39,137,102838
Hackett_NumErrAlns,0.2-0.3,7,0.20675,0.141132,6,0,6,0,0,0,0,109014,12,15,161,108826
Hackett_NumErrAlns,0.2-0.3,7,0.20675,0.141132,6,0,6,1,0,0,0,109014,43,0,176,108795
Hackett_NumErrAlns,0.2-0.3,7,0.20675,0.141132,6,0,50,0,0,0,0,109014,29,5,83,108897
Hackett_NumErrAlns,0.2-0.3,7,0.20675,0.141132,6,0,50,1,0,0,0,109014,32,0,88,108894
Hackett_NumErrAlns,0.2-0.3,7,0.20675,0.141132,6,0,20,0,0,0,0,109014,30,13,75,108896
Hackett_NumErrAlns,0.2-0.3,7,0.20675,0.141132,6,0,20,1,0,0,0,109014,37,0,88,108889
Hackett_NumErrAlns,0.2-0.3,7,0.20675,0.141132,6,0,10,0,0,0,0,109014,8,11,77,108918
Hackett_NumErrAlns,0.2-0.3,7,0.20675,0.141132,6,0,10,1,0,0,0,109014,35,0,88,108891
Hackett_NumErrAlns,0.2-0.3,7,0.20675,0.141132,6,0,5,0,0,0,0,109014,12,0,176,108826
Hackett_NumErrAlns,0.2-0.3,7,0.20675,0.141132,6,0,5,1,0,0,0,109014,29,3,85,108897
Hackett_NumErrAlns,0.2-0.3,8,0.209859,0.167889,5,0,5,0,0,0,0,89192,48,21,67,89056
Hackett_NumErrAlns,0.2-0.3,8,0.209859,0.167889,5,0,5,1,0,0,0,89192,57,57,119,88959
Hackett_NumErrAlns,0.2-0.3,8,0.209859,0.167889,5,0,50,0,0,0,0,89192,48,62,26,89056
Hackett_NumErrAlns,0.2-0.3,8,0.209859,0.167889,5,0,50,1,0,0,0,89192,62,0,88,89042
Hackett_NumErrAlns,0.2-0.3,8,0.209859,0.167889,5,0,20,0,0,0,0,89192,55,3,85,89049
Hackett_NumErrAlns,0.2-0.3,8,0.209859,0.167889,5,0,20,1,0,0,0,89192,59,0,88,89045
Hackett_NumErrAlns,0.2-0.3,8,0.209859,0.167889,5,0,10,0,0,0,0,89192,48,88,0,89056
Hackett_NumErrAlns,0.2-0.3,8,0.209859,0.167889,5,0,10,1,0,0,0,89192,60,0,88,89044
Hackett_NumErrAlns,0.2-0.3,8,0.209859,0.167889,5,0,5,0,0,0,0,89192,62,19,157,88954
Hackett_NumErrAlns,0.2-0.3,8,0.209859,0.167889,5,0,5,1,0,0,0,89192,27,36,140,88989
Hackett_NumErrAlns,0.2-0.3,9,0.200708,0.147279,3,0,3,0,0,0,0,45969,0,88,0,45881
Hackett_NumErrAlns,0.2-0.3,9,0.200708,0.147279,3,0,3,1,0,0,0,45969,15,21,155,45778
Hackett_NumErrAlns,0.2-0.3,9,0.200708,0.147279,3,0,50,0,0,0,0,45969,13,0,88,45868
Hackett_NumErrAlns,0.2-0.3,9,0.200708,0.147279,3,0,50,1,0,0,0,45969,1,27,61,45880
Hackett_NumErrAlns,0.2-0.3,9,0.200708,0.147279,3,0,20,0,0,0,0,45969,0,16,72,45881
Hackett_NumErrAlns,0.2-0.3,9,0.200708,0.147279,3,0,20,1,0,0,0,45969,5,18,70,45876
Hackett_NumErrAlns,0.2-0.3,9,0.200708,0.147279,3,0,10,0,0,0,0,45969,13,0,88,45868
Hackett_NumErrAlns,0.2-0.3,9,0.200708,0.147279,3,0,10,1,0,0,0,45969,8,0,88,45873
Hackett_NumErrAlns,0.2-0.3,9,0.200708,0.147279,3,0,5,0,0,0,0,45969,4,52,36,45877
Hackett_NumErrAlns,0.2-0.3,9,0.200708,0.147279,3,0,5,1,0,0,0,45969,2,3,85,45879
Hackett_NumErrAlns,0.3-0.4,0,0.301303,0.146888,36,0,36,0,1029,0,0,674781,1060,24,152,674574
Hackett_NumErrAlns,0.3-0.4,0,0.301303,0.146888,36,0,36,1,1029,0,0,674781,1171,12,164,674463
Hackett_NumErrAlns,0.3-0.4,0,0.301303,0.146888,36,0,50,0,1029,0,0,674781,1111,0,88,674611
Hackett_NumErrAlns,0.3-0.4,0,0.301303,0.146888,36,0,50,1,1029,0,0,674781,1170,0,88,674552
Hackett_NumErrAlns,0.3-0.4,0,0.301303,0.146888,36,0,20,0,1029,0,0,674781,1101,13,163,674533
Hackett_NumErrAlns,0.3-0.4,0,0.301303,0.146888,36,0,20,1,1029,0,0,674781,1189,39,137,674445
Hackett_NumErrAlns,0.3-0.4,0,0.301303,0.146888,36,0,10,0,1029,0,0,674781,1067,6,346,674391
Hackett_NumErrAlns,0.3-0.4,0,0.301303,0.146888,36,0,10,1,1029,0,0,674781,1176,0,352,674282
Hackett_NumErrAlns,0.3-0.4,0,0.301303,0.146888,36,0,5,0,1029,0,0,674781,1135,1,175,674499
Hackett_NumErrAlns,0.3-0.4,0,0.301303,0.146888,36,0,5,1,1029,0,0,674781,1086,53,475,674196
Hackett_NumErrAlns,0.3-0.4,0,0.331968,0.222426,19,0,19,0,232,0,0,325293,330,0,176,325019
Hackett_NumErrAlns,0.3-0.4,0,0.331968,0.222426,19,0,19,1,232,0,0,325293,374,2,174,324975
Hackett_NumErrAlns,0.3-0.4,0,0.331968,0.222426,19,0,50,0,232,0,0,325293,368,0,88,325069
Hackett_NumErrAlns,0.3-0.4,0,0.331968,0.222426,19,0,50,1,232,0,0,325293,369,33,55,325068
Hackett_NumErrAlns,0.3-0.4,0,0.331968,0.222426,19,0,20,0,232,0,0,325293,367,0,88,325070
Hackett_NumErrAlns,0.3-0.4,0,0.331968,0.222426,19,0,20,1,232,0,0,325293,352,0,88,325085
Hackett_NumErrAlns,0.3-0.4,0,0.331968,0.222426,19,0,10,0,232,0,0,325293,356,0,176,324993
Hackett_NumErrAlns,0.3-0.4,0,0.331968,0.222426,19,0,10,1,232,0,0,325293,352,0,176,324997
Hackett_NumErrAlns,0.3-0.4,0,0.331968,0.222426,19,0,5,0,232,0,0,325293,335,20,156,325014
Hackett_NumErrAlns,0.3-0.4,0,0.331968,0.222426,19,0,5,1,232,0,0,325293,312,0,352,324861
Hackett_NumErrAlns,0.3-0.4,0,0.350685,0.211023,67,0,67,0,1905,0,0,1220750,2321,12,164,1220158
Hackett_NumErrAlns,0.3-0.4,0,0.350685,0.211023,67,0,67,1,1905,0,0,1220750,2253,0,176,1220226
Hackett_NumErrAlns,0.3-0.4,0,0.350685,0.211023,67,0,50,0,1905,0,0,1220750,2326,51,125,1220153
Hackett_NumErrAlns,0.3-0.4,0,0.350685,0.211023,67,0,50,1,1905,0,0,1220750,2320,66,110,1220159
Hackett_NumErrAlns,0.3-0.4,0,0.350685,0.211023,67,0,20,0,1905,0,0,1220750,2284,88,264,1220019
Hackett_NumErrAlns,0.3-0.4,0,0.350685,0.211023,67,0,20,1,1905,0,0,1220750,2295,31,321,1220008
Hackett_NumErrAlns,0.3-0.4,0,0.350685,0.211023,67,0,10,0,1905,0,0,1220750,1816,37,579,1220223
Hackett_NumErrAlns,0.3-0.4,0,0.350685,0.211023,67,0,10,1,1905,0,0,1220750,2326,184,344,1219801
Hackett_NumErrAlns,0.3-0.4,0,0.350685,0.211023,67,0,5,0,1905,0,0,1220750,2092,146,558,1219859
Hackett_NumErrAlns,0.3-0.4,0,0.350685,0.211023,67,0,5,1,1905,0,0,1220750,1976,212,1020,1219447
Hackett_NumErrAlns,0.3-0.4,0,0.380015,0.206186,106,0,106,0,2179,0,0,1932465,2385,11,165,1932083
Hackett_NumErrAlns,0.3-0.4,0,0.380015,0.206186,106,0,106,1,2179,0,0,1932465,2593,2,174,1931875
Hackett_NumErrAlns,0.3-0.4,0,0.380015,0.206186,106,0,50,0,2179,0,0,1932465,2622,22,242,1931758
Hackett_NumErrAlns,0.3-0.4,0,0.380015,0.206186,106,0,50,1,2179,0,0,1932465,2622,9,255,1931758
Hackett_NumErrAlns,0.3-0.4,0,0.380015,0.206186,106,0,20,0,2179,0,0,1932465,2634,199,329,1931482
Hackett_NumErrAlns,0.3-0.4,0,0.380015,0.206186,106,0,20,1,2179,0,0,1932465,2672,101,427,1931444
Hackett_NumErrAlns,0.3-0.4,0,0.380015,0.206186,106,0,10,0,2179,0,0,1932465,2618,140,652,1931234
Hackett_NumErrAlns,0.3-0.4,0,0.380015,0.206186,106,0,10,1,2179,0,0,1932465,2612,229,739,1931064
Hackett_NumErrAlns,0.3-0.4,0,0.380015,0.206186,106,0,5,0,2179,0,0,1932465,2339,224,216,1931865
Hackett_NumErrAlns,0.3-0.4,0,0.380015,0.206186,106,0,5,1,2179,0,0,1932465,2644,58,118,1931824
Hackett_NumErrAlns,0.3-0.4,1,0.300215,0.205734,12,0,12,0,71,0,0,205208,180,0,176,204923
Hackett_NumErrAlns,0.3-0.4,1,0.300215,0.205734,12,0,12,1,71,0,0,205208,213,5,171,204890
Hackett_NumErrAlns,0.3-0.4,1,0.300215,0.205734,12,0,50,0,71,0,0,205208,206,0,88,204985
Hackett_NumErrAlns,0.3-0.4,1,0.300215,0.205734,12,0,50,1,71,0,0,205208,204,2,86,204987
Hackett_NumErrAlns,0.3-0.4,1,0.300215,0.205734,12,0,20,0,71,0,0,205208,203,0,88,204988
Hackett_NumErrAlns,0.3-0.4,1,0.300215,0.205734,12,0,20,1,71,0,0,205208,207,0,88,204984
Hackett_NumErrAlns,0.3-0.4,1,0.300215,0.205734,12,0,10,0,71,0,0,205208,152,13,163,204951
Hackett_NumErrAlns,0.3-0.4,1,0.300215,0.205734,12,0,10,1,71,0,0,205208,200,0,176,204903
Hackett_NumErrAlns,0.3-0.4,1,0.300215,0.205734,12,0,5,0,71,0,0,205208,200,4,260,204815
Hackett_NumErrAlns,0.3-0.4,1,0.300215,0.205734,12,0,5,1,71,0,0,205208,223,10,254,204792
Hackett_NumErrAlns,0.3-0.4,1,0.331968,0.226291,18,0,18,0,232,0,0,305423,341,0,176,305138
Hackett_NumErrAlns,0.3-0.4,1,0.331968,0.226291,18,0,18,1,232,0,0,305423,310,0,176,305169
Hackett_NumErrAlns,0.3-0.4,1,0.331968,0.226291,18,0,50,0,232,0,0,305423,325,0,88,305242
Hackett_NumErrAlns,0.3-0.4,1,0.331968,0.226291,18,0,50,1,232,0,0,305423,333,0,88,305234
Hackett_NumErrAlns,0.3-0.4,1,0.331968,0.226291,18,0,20,0,232,0,0,305423,325,46,42,305242
Hackett_NumErrAlns,0.3-0.4,1,0.331968,0.226291,18,0,20,1,232,0,0,305423,304,0,88,305263
Hackett_NumErrAlns,0.3-0.4,1,0.331968,0.226291,18,0,10,0,232,0,0,305423,306,0,176,305173
Hackett_NumErrAlns,0.3-0.4,1,0.331968,0.226291,18,0,10,1,232,0,0,305423,337,7,169,305142
Hackett_NumErrAlns,0.3-0.4,1,0.331968,0.226291,18,0,5,0,232,0,0,305423,217,22,330,305086
Hackett_NumErrAlns,0.3-0.4,1,0.331968,0.226291,18,0,5,1,232,0,0,305423,211,78,274,305092
Hackett_NumErrAlns,0.3-0.4,1,0.350685,0.214872,65,0,65,0,1841,0,0,1181317,2334,65,111,1180648
Hackett_NumErrAlns,0.3-0.4,1,0.350685,0.214872,65,0,65,1,1841,0,0,1181317,2337,7,169,1180645
Hackett_NumErrAlns,0.3-0.4,1,0.350685,0.214872,65,0,50,0,1841,0,0,1181317,2245,52,124,1180737
Hackett_NumErrAlns,0.3-0.4,1,0.350685,0.214872,65,0,50,1,1841,0,0,1181317,2330,17,159,1180652
Hackett_NumErrAlns,0.3-0.4,1,0.350685,0.214872,65,0,20,0,1841,0,0,1181317,2325,1,263,1180569
Hackett_NumErrAlns,0.3-0.4,1,0.350685,0.214872,65,0,20,1,1841,0,0,1181317,2343,36,316,1180463
Hackett_NumErrAlns,0.3-0.4,1,0.350685,0.214872,65,0,10,0,1841,0,0,1181317,2315,27,589,1180227
Hackett_NumErrAlns,0.3-0.4,1,0.350685,0.214872,65,0,10,1,1841,0,0,1181317,2356,162,454,1180186
Hackett_NumErrAlns,0.3-0.4,1,0.350685,0.214872,65,0,5,0,1841,0,0,1181317,2335,43,133,1180647
Hackett_NumErrAlns,0.3-0.4,1,0.350685,0.214872,65,0,5,1,1841,0,0,1181317,2323,83,973,1179779
Hackett_NumErrAlns,0.3-0.4,1,0.380015,0.206303,95,0,95,0,2235,0,0,1727592,2560,36,140,1727091
Hackett_NumErrAlns,0.3-0.4,1,0.380015,0.206303,95,0,95,1,2235,0,0,1727592,2553,48,128,1727098
Hackett_NumErrAlns,0.3-0.4,1,0.380015,0.206303,95,0,50,0,2235,0,0,1727592,2552,2,174,1727099
Hackett_NumErrAlns,0.3-0.4,1,0.380015,0.206303,95,0,50,1,2235,0,0,1727592,2558,2,174,1727093
Hackett_NumErrAlns,0.3-0.4,1,0.380015,0.206303,95,0,20,0,2235,0,0,1727592,2322,31,409,1727065
Hackett_NumErrAlns,0.3-0.4,1,0.380015,0.206303,95,0,20,1,2235,0,0,1727592,2352,15,425,1727035
Hackett_NumErrAlns,0.3-0.4,1,0.380015,0.206303,95,0,10,0,2235,0,0,1727592,2556,83,181,1727007
Hackett_NumErrAlns,0.3-0.4,1,0.380015,0.206303,95,0,10,1,2235,0,0,1727592,2559,54,122,1727092
Hackett_NumErrAlns,0.3-0.4,1,0.380015,0.206303,95,0,5,0,2235,0,0,1727592,2384,168,800,1726475
Hackett_NumErrAlns,0.3-0.4,1,0.380015,0.206303,95,0,5,1,2235,0,0,1727592,2587,129,751,1726360
Hackett_NumErrAlns,0.3-0.4,2,0.331968,0.228499,16,0,16,0,241,0,0,268564,306,35,141,268323
Hackett_NumErrAlns,0.3-0.4,2,0.331968,0.228499,16,0,16,1,241,0,0,268564,346,23,153,268283
Hackett_NumErrAlns,0.3-0.4,2,0.331968,0.228499,16,0,50,0,241,0,0,268564,299,12,76,268418
Hackett_NumErrAlns,0.3-0.4,2,0.331968,0.228499,16,0,50,1,241,0,0,268564,240,13,75,268477
Hackett_NumErrAlns,0.3-0.4,2,0.331968,0.228499,16,0,20,0,241,0,0,268564,335,0,88,268382
Hackett_NumErrAlns,0.3-0.4,2,0.331968,0.228499,16,0,20,1,241,0,0,268564,298,0,88,268419
Hackett_NumErrAlns,0.3-0.4,2,0.331968,0.228499,16,0,10,0,241,0,0,268564,356,31,145,268273
Hackett_NumErrAlns,0.3-0.4,2,0.331968,0.228499,16,0,10,1,241,0,0,268564,353,0,176,268276
Hackett_NumErrAlns,0.3-0.4,2,0.331968,0.228499,16,0,5,0,241,0,0,268564,262,25,327,268191
Hackett_NumErrAlns,0.3-0.4,2,0.331968,0.228499,16,0,5,1,241,0,0,268564,332,8,80,268385
Hackett_NumErrAlns,0.3-0.4,2,0.380015,0.206702,94,0,94,0,2235,0,0,1707268,2552,88,88,1706775
Hackett_NumErrAlns,0.3-0.4,2,0.380015,0.206702,94,0,94,1,2235,0,0,1707268,2548,88,88,1706779
Hackett_NumErrAlns,0.3-0.4,2,0.380015,0.206702,94,0,50,0,2235,0,0,1707268,2549,119,57,1706778
Hackett_NumErrAlns,0.3-0.4,2,0.380015,0.206702,94,0,50,1,2235,0,0,1707268,2553,21,155,1706774
Hackett_NumErrAlns,0.3-0.4,2,0.380015,0.206702,94,0,20,0,2235,0,0,1707268,2278,98,342,1706785
Hackett_NumErrAlns,0.3-0.4,2,0.380015,0.206702,94,0,20,1,2235,0,0,1707268,2337,37,403,1706726
Hackett_NumErrAlns,0.3-0.4,2,0.380015,0.206702,94,0,10,0,2235,0,0,1707268,2232,171,709,1706391
Hackett_NumErrAlns,0.3-0.4,2,0.380015,0.206702,94,0,10,1,2235,0,0,1707268,2547,208,672,1706076
Hackett_NumErrAlns,0.3-0.4,2,0.380015,0.206702,94,0,5,0,2235,0,0,1707268,2297,25,327,1706854
Hackett_NumErrAlns,0.3-0.4,2,0.380015,0.206702,94,0,5,1,2235,0,0,1707268,2557,0,88,1706858
Hackett_NumErrAlns,0.3-0.4,3,0.380015,0.208766,79,0,79,0,2176,0,0,1436405,2556,24,152,1435849
Hackett_NumErrAlns,0.3-0.4,3,0.380015,0.208766,79,0,79,1,2176,0,0,1436405,2584,46,130,1435821
Hackett_NumErrAlns,0.3-0.4,3,0.380015,0.208766,79,0,50,0,2176,0,0,1436405,2481,61,115,1435924
Hackett_NumErrAlns,0.3-0.4,3,0.380015,0.208766,79,0,50,1,2176,0,0,1436405,2498,32,144,1435907
Hackett_NumErrAlns,0.3-0.4,3,0.380015,0.208766,79,0,20,0,2176,0,0,1436405,2281,24,328,1435948
Hackett_NumErrAlns,0.3-0.4,3,0.380015,0.208766,79,0,20,1,2176,0,0,1436405,2570,10,342,1435659
Hackett_NumErrAlns,0.3-0.4,3,0.380015,0.208766,79,0,10,0,2176,0,0,1436405,2397,111,593,1435480
Hackett_NumErrAlns,0.3-0.4,3,0.380015,0.208766,79,0,10,1,2176,0,0,1436405,2398,41,575,1435567
Hackett_NumErrAlns,0.3-0.4,3,0.380015,0.208766,79,0,5,0,2176,0,0,1436405,1987,318,1090,1435186
Hackett_NumErrAlns,0.3-0.4,3,0.380015,0.208766,79,0,5,1,2176,0,0,1436405,1839,266,1142,1435334
Hackett_NumErrAlns,0.5-0.6,0,0.527674,0.24947,11,0,11,0,27,0,0,165104,54,28,60,164989
Hackett_NumErrAlns,0.5-0.6,0,0.527674,0.24947,11,0,11,1,27,0,0,165104,68,18,158,164887
Hackett_NumErrAlns,0.5-0.6,0,0.527674,0.24947,11,0,50,0,27,0,0,165104,57,4,84,164986
Hackett_NumErrAlns,0.5-0.6,0,0.527674,0.24947,11,0,50,1,27,0,0,165104,63,0,88,164980
Hackett_NumErrAlns,0.5-0.6,0,0.527674,0.24947,11,0,20,0,27,0,0,165104,55,11,77,164988
Hackett_NumErrAlns,0.5-0.6,0,0.527674,0.24947,11,0,20,1,27,0,0,165104,66,0,88,164977
Hackett_NumErrAlns,0.5-0.6,0,0.527674,0.24947,11,0,10,0,27,0,0,165104,67,13,163,164888
Hackett_NumErrAlns,0.5-0.6,0,0.527674,0.24947,11,0,10,1,27,0,0,165104,71,8,168,164884
Hackett_NumErrAlns,0.5-0.6,0,0.527674,0.24947,11,0,5,0,27,0,0,165104,66,13,251,164801
Hackett_NumErrAlns,0.5-0.6,0,0.527674,0.24947,11,0,5,1,27,0,0,165104,52,0,264,164815
Hackett_NumErrAlns,0.5-0.6,0,0.590737,0.234096,171,0,171,0,3025,0,0,3111030,3886,88,88,3109993
Hackett_NumErrAlns,0.5-0.6,0,0.590737,0.234096,171,0,171,1,3025,0,0,3111030,3879,53,123,3110000
Hackett_NumErrAlns,0.5-0.6,0,0.590737,0.234096,171,0,50,0,3025,0,0,3111030,3767,156,196,3109936
Hackett_NumErrAlns,0.5-0.6,0,0.590737,0.234096,171,0,50,1,3025,0,0,3111030,3749,0,352,3109954
Hackett_NumErrAlns,0.5-0.6,0,0.590737,0.234096,171,0,20,0,3025,0,0,3111030,3846,46,746,3109417
Hackett_NumErrAlns,0.5-0.6,0,0.590737,0.234096,171,0,20,1,3025,0,0,3111030,3813,155,637,3109450
Hackett_NumErrAlns,0.5-0.6,0,0.590737,0.234096,171,0,10,0,3025,0,0,3111030,3953,92,348,3109662
Hackett_NumErrAlns,0.5-0.6,0,0.590737,0.234096,171,0,10,1,3025,0,0,3111030,3911,275,429,3109440
Hackett_NumErrAlns,0.5-0.6,0,0.590737,0.234096,171,0,5,0,3025,0,0,3111030,3421,540,1220,3108874
Hackett_NumErrAlns,0.5-0.6,0,0.590737,0.234096,171,0,5,1,3025,0,0,3111030,3383,136,304,3110232
Hackett_NumErrAlns,0.5-0.6,1,0.590737,0.250989,133,0,133,0,2417,0,0,2396725,3279,138,38,2395687
Hackett_NumErrAlns,0.5-0.6,1,0.590737,0.250989,133,0,133,1,2417,0,0,2396725,3405,12,164,2395561
Hackett_NumErrAlns,0.5-0.6,1,0.590737,0.250989,133,0,50,0,2417,0,0,2396725,3398,9,255,2395480
Hackett_NumErrAlns,0.5-0.6,1,0.590737,0.250989,133,0,50,1,2417,0,0,2396725,3436,87,177,2395442
Hackett_NumErrAlns,0.5-0.6,1,0.590737,0.250989,133,0,20,0,2417,0,0,2396725,3418,0,88,2395636
Hackett_NumErrAlns,0.5-0.6,1,0.590737,0.250989,133,0,20,1,2417,0,0,2396725,3305,165,99,2395573
Hackett_NumErrAlns,0.5-0.6,1,0.590737,0.250989,133,0,10,0,2417,0,0,2396725,3006,195,1037,2394904
Hackett_NumErrAlns,0.5-0.6,1,0.590737,0.250989,133,0,10,1,2417,0,0,2396725,3047,332,900,2394863
Hackett_NumErrAlns,0.5-0.6,1,0.590737,0.250989,133,0,5,0,2417,0,0,2396725,3355,188,516,2395083
Hackett_NumErrAlns,0.5-0.6,1,0.590737,0.250989,133,0,5,1,2417,0,0,2396725,3426,33,143,2395540
Hackett_NumErrAlns,0.5-0.6,2,0.575478,0.291051,27,0,27,0,229,0,0,464269,283,0,176,464039
Hackett_NumErrAlns,0.5-0.6,2,0.575478,0.291051,27,0,27,1,229,0,0,464269,397,15,161,463925
Hackett_NumErrAlns,0.5-0.6,2,0.575478,0.291051,27,0,50,0,229,0,0,464269,393,7,81,464017
Hackett_NumErrAlns,0.5-0.6,2,0.575478,0.291051,27,0,50,1,229,0,0,464269,350,0,88,464060
Hackett_NumErrAlns,0.5-0.6,2,0.575478,0.291051,27,0,20,0,229,0,0,464269,399,29,147,463923
Hackett_NumErrAlns,0.5-0.6,2,0.575478,0.291051,27,0,20,1,229,0,0,464269,403,4,172,463919
Hackett_NumErrAlns,0.5-0.6,2,0.575478,0.291051,27,0,10,0,229,0,0,464269,405,19,245,463829
Hackett_NumErrAlns,0.5-0.6,2,0.575478,0.291051,27,0,10,1,229,0,0,464269,413,17,247,463821
Hackett_NumErrAlns,0.5-0.6,2,0.575478,0.291051,27,0,5,0,229,0,0,464269,376,64,464,463594
Hackett_NumErrAlns,0.5-0.6,2,0.575478,0.291051,27,0,5,1,229,0,0,464269,403,0,176,463919
Hackett_NumErrAlns,0-0.1,0,0.01991,0.01991,2,0,2,0,0,0,0,38511,0,88,0,38423
Hackett_NumErrAlns,0-0.1,0,0.01991,0.01991,2,0,2,1,0,0,0,38511,0,88,0,38423
Hackett_NumErrAlns,0-0.1,0,0.01991,0.01991,2,0,50,0,0,0,0,38511,0,88,0,38423
Hackett_NumErrAlns,0-0.1,0,0.01991,0.01991,2,0,50,1,0,0,0,38511,0,88,0,38423
Hackett_NumErrAlns,0-0.1,0,0.01991,0.01991,2,0,20,0,0,0,0,38511,0,88,0,38423
Hackett_NumErrAlns,0-0.1,0,0.01991,0.01991,2,0,20,1,0,0,0,38511,0,88,0,38423
Hackett_NumErrAlns,0-0.1,0,0.01991,0.01991,2,0,10,0,0,0,0,38511,0,88,0,38423
Hackett_NumErrAlns,0-0.1,0,0.01991,0.01991,2,0,10,1,0,0,0,38511,0,88,0,38423
Hackett_NumErrAlns,0-0.1,0,0.01991,0.01991,2,0,5,0,0,0,0,38511,0,88,0,38423
Hackett_NumErrAlns,0-0.1,0,0.01991,0.01991,2,0,5,1,0,0,0,38511,0,88,0,38423
Hackett_NumErrAlns,0-0.1,0,0.043928,0.043928,2,0,2,0,0,0,0,38240,0,88,0,38152
Hackett_NumErrAlns,0-0.1,0,0.043928,0.043928,2,0,2,1,0,0,0,38240,0,88,0,38152
Hackett_NumErrAlns,0-0.1,0,0.043928,0.043928,2,0,50,0,0,0,0,38240,0,88,0,38152
Hackett_NumErrAlns,0-0.1,0,0.043928,0.043928,2,0,50,1,0,0,0,38240,0,88,0,38152
Hackett_NumErrAlns,0-0.1,0,0.043928,0.043928,2,0,20,0,0,0,0,38240,0,88,0,38152
Hackett_NumErrAlns,0-0.1,0,0.043928,0.043928,2,0,20,1,0,0,0,38240,0,88,0,38152
Hackett_NumErrAlns,0-0.1,0,0.043928,0.043928,2,0,10,0,0,0,0,38240,0,88,0,38152
Hackett_NumErrAlns,0-0.1,0,0.043928,0.043928,2,0,10,1,0,0,0,38240,0,88,0,38152
Hackett_NumErrAlns,0-0.1,0,0.043928,0.043928,2,0,5,0,0,0,0,38240,0,88,0,38152
Hackett_NumErrAlns,0-0.1,0,0.043928,0.043928,2,0,5,1,0,0,0,38240,0,88,0,38152
Hackett_NumErrAlns,0-0.1,0,0.078763,0.060913,6,0,6,0,0,0,0,113024,42,0,176,112806
Hackett_NumErrAlns,0-0.1,0,0.078763,0.060913,6,0,6,1,0,0,0,113024,53,0,176,112795
Hackett_NumErrAlns,0-0.1,0,0.078763,0.060913,6,0,50,0,0,0,0,113024,32,0,88,112904
Hackett_NumErrAlns,0-0.1,0,0.078763,0.060913,6,0,50,1,0,0,0,113024,24,23,65,112912
Hackett_NumErrAlns,0-0.1,0,0.078763,0.060913,6,0,20,0,0,0,0,113024,33,0,88,112903
Hackett_NumErrAlns,0-0.1,0,0.078763,0.060913,6,0,20,1,0,0,0,113024,33,0,88,112903
Hackett_NumErrAlns,0-0.1,0,0.078763,0.060913,6,0,10,0,0,0,0,113024,29,0,88,112907
Hackett_NumErrAlns,0-0.1,0,0.078763,0.060913,6,0,10,1,0,0,0,113024,33,0,88,112903
Hackett_NumErrAlns,0-0.1,0,0.078763,0.060913,6,0,5,0,0,0,0,113024,36,9,167,112812
Hackett_NumErrAlns,0-0.1,0,0.078763,0.060913,6,0,5,1,0,0,0,113024,34,0,88,112902
Hackett_NumErrAlns,0-0.1,1,0.013152,0.013152,2,0,2,0,0,0,0,39497,0,176,0,39321
Hackett_NumErrAlns,0-0.1,1,0.013152,0.013152,2,0,2,1,0,0,0,39497,0,88,0,39409
Hackett_NumErrAlns,0-0.1,1,0.013152,0.013152,2,0,50,0,0,0,0,39497,0,88,0,39409
Hackett_NumErrAlns,0-0.1,1,0.013152,0.013152,2,0,50,1,0,0,0,39497,0,88,0,39409
Hackett_NumErrAlns,0-0.1,1,0.013152,0.013152,2,0,20,0,0,0,0,39497,0,88,0,39409
Hackett_NumErrAlns,0-0.1,1,0.013152,0.013152,2,0,20,1,0,0,0,39497,0,88,0,39409
Hackett_NumErrAlns,0-0.1,1,0.013152,0.013152,2,0,10,0,0,0,0,39497,0,88,0,39409
Hackett_NumErrAlns,0-0.1,1,0.013152,0.013152,2,0,10,1,0,0,0,39497,0,88,0,39409
Hackett_NumErrAlns,0-0.1,1,0.013152,0.013152,2,0,5,0,0,0,0,39497,0,88,0,39409
Hackett_NumErrAlns,0-0.1,1,0.013152,0.013152,2,0,5,1,0,0,0,39497,0,88,0,39409
Hackett_NumErrAlns,0-0.1,1,0.040995,0.040995,2,0,2,0,0,0,0,36887,0,88,0,36799
Hackett_NumErrAlns,0-0.1,1,0.040995,0.040995,2,0,2,1,0,0,0,36887,0,88,0,36799
Hackett_NumErrAlns,0-0.1,1,0.040995,0.040995,2,0,50,0,0,0,0,36887,0,88,0,36799
Hackett_NumErrAlns,0-0.1,1,0.040995,0.040995,2,0,50,1,0,0,0,36887,0,88,0,36799
Hackett_NumErrAlns,0-0.1,1,0.040995,0.040995,2,0,20,0,0,0,0,36887,0,88,0,36799
Hackett_NumErrAlns,0-0.1,1,0.040995,0.040995,2,0,20,1,0,0,0,36887,0,88,0,36799
Hackett_NumErrAlns,0-0.1,1,0.040995,0.040995,2,0,10,0,0,0,0,36887,0,88,0,36799
Hackett_NumErrAlns,0-0.1,1,0.040995,0.040995,2,0,10,1,0,0,0,36887,0,88,0,36799
Hackett_NumErrAlns,0-0.1,1,0.040995,0.040995,2,0,5,0,0,0,0,36887,0,88,0,36799
Hackett_NumErrAlns,0-0.1,1,0.040995,0.040995,2,0,5,1,0,0,0,36887,0,88,0,36799
Hackett_NumErrAlns,0-0.1,1,0.079816,0.064403,5,0,5,0,24,0,0,86200,48,0,176,86000
Hackett_NumErrAlns,0-0.1,1,0.079816,0.064403,5,0,5,1,24,0,0,86200,39,0,176,86009
Hackett_NumErrAlns,0-0.1,1,0.079816,0.064403,5,0,50,0,24,0,0,86200,63,0,88,86073
Hackett_NumErrAlns,0-0.1,1,0.079816,0.064403,5,0,50,1,24,0,0,86200,65,0,88,86071
Hackett_NumErrAlns,0-0.1,1,0.079816,0.064403,5,0,20,0,24,0,0,86200,58,0,88,86078
Hackett_NumErrAlns,0-0.1,1,0.079816,0.064403,5,0,20,1,24,0,0,86200,58,4,84,86078
Hackett_NumErrAlns,0-0.1,1,0.079816,0.064403,5,0,10,0,24,0,0,86200,34,0,88,86102
Hackett_NumErrAlns,0-0.1,1,0.079816,0.064403,5,0,10,1,24,0,0,86200,59,0,88,86077
Hackett_NumErrAlns,0-0.1,1,0.079816,0.064403,5,0,5,0,24,0,0,86200,20,0,176,86028
Hackett_NumErrAlns,0-0.1,1,0.079816,0.064403,5,0,5,1,24,0,0,86200,57,22,154,85991
Hackett_NumErrAlns,0-0.1,2,0.004359,0.004359,2,0,2,0,0,0,0,39103,0,88,0,39015
Hackett_NumErrAlns,0-0.1,2,0.004359,0.004359,2,0,2,1,0,0,0,39103,0,88,0,39015
Hackett_NumErrAlns,0-0.1,2,0.004359,0.004359,2,0,50,0,0,0,0,39103,0,88,0,39015
Hackett_NumErrAlns,0-0.1,2,0.004359,0.004359,2,0,50,1,0,0,0,39103,0,88,0,39015
Hackett_NumErrAlns,0-0.1,2,0.004359,0.004359,2,0,20,0,0,0,0,39103,0,88,0,39015
Hackett_NumErrAlns,0-0.1,2,0.004359,0.004359,2,0,20,1,0,0,0,39103,0,88,0,39015
Hackett_NumErrAlns,0-0.1,2,0.004359,0.004359,2,0,10,0,0,0,0,39103,0,88,0,39015
Hackett_NumErrAlns,0-0.1,2,0.004359,0.004359,2,0,10,1,0,0,0,39103,0,88,0,39015
Hackett_NumErrAlns,0-0.1,2,0.004359,0.004359,2,0,5,0,0,0,0,39103,0,88,0,39015
Hackett_NumErrAlns,0-0.1,2,0.004359,0.004359,2,0,5,1,0,0,0,39103,0,88,0,39015
Hackett_NumErrAlns,0-0.1,2,0.031523,0.031523,2,0,2,0,0,0,0,36952,0,88,0,36864
Hackett_NumErrAlns,0-0.1,2,0.031523,0.031523,2,0,2,1,0,0,0,36952,0,176,0,36776
Hackett_NumErrAlns,0-0.1,2,0.031523,0.031523,2,0,50,0,0,0,0,36952,0,88,0,36864
Hackett_NumErrAlns,0-0.1,2,0.031523,0.031523,2,0,50,1,0,0,0,36952,0,88,0,36864
Hackett_NumErrAlns,0-0.1,2,0.031523,0.031523,2,0,20,0,0,0,0,36952,0,88,0,36864
Hackett_NumErrAlns,0-0.1,2,0.031523,0.031523,2,0,20,1,0,0,0,36952,0,88,0,36864
Hackett_NumErrAlns,0-0.1,2,0.031523,0.031523,2,0,10,0,0,0,0,36952,0,88,0,36864
Hackett_NumErrAlns,0-0.1,2,0.031523,0.031523,2,0,10,1,0,0,0,36952,0,88,0,36864
Hackett_NumErrAlns,0-0.1,2,0.031523,0.031523,2,0,5,0,0,0,0,36952,0,88,0,36864
Hackett_NumErrAlns,0-0.1,2,0.031523,0.031523,2,0,5,1,0,0,0,36952,0,88,0,36864
Hackett_NumErrAlns,0-0.1,2,0.090193,0.072619,4,0,4,0,0,0,0,77992,5,0,88,77899
Hackett_NumErrAlns,0-0.1,2,0.090193,0.072619,4,0,4,1,0,0,0,77992,18,9,167,77798
Hackett_NumErrAlns,0-0.1,2,0.090193,0.072619,4,0,50,0,0,0,0,77992,11,0,88,77893
Hackett_NumErrAlns,0-0.1,2,0.090193,0.072619,4,0,50,1,0,0,0,77992,10,0,88,77894
Hackett_NumErrAlns,0-0.1,2,0.090193,0.072619,4,0,20,0,0,0,0,77992,10,0,88,77894
Hackett_NumErrAlns,0-0.1,2,0.090193,0.072619,4,0,20,1,0,0,0,77992,0,61,27,77904
Hackett_NumErrAlns,0-0.1,2,0.090193,0.072619,4,0,10,0,0,0,0,77992,15,0,88,77889
Hackett_NumErrAlns,0-0.1,2,0.090193,0.072619,4,0,10,1,0,0,0,77992,4,2,86,77900
Hackett_NumErrAlns,0-0.1,2,0.090193,0.072619,4,0,5,0,0,0,0,77992,7,0,88,77897
Hackett_NumErrAlns,0-0.1,2,0.090193,0.072619,4,0,5,1,0,0,0,77992,12,0,88,77892
Hackett_NumErrAlns,0-0.1,3,0.044247,0.044247,2,0,2,0,0,0,0,40072,0,88,0,39984
Hackett_NumErrAlns,0-0.1,3,0.044247,0.044247,2,0,2,1,0,0,0,40072,0,88,0,39984
Hackett_NumErrAlns,0-0.1,3,0.044247,0.044247,2,0,50,0,0,0,0,40072,0,88,0,39984
Hackett_NumErrAlns,0-0.1,3,0.044247,0.044247,2,0,50,1,0,0,0,40072,0,88,0,39984
Hackett_NumErrAlns,0-0.1,3,0.044247,0.044247,2,0,20,0,0,0,0,40072,0,88,0,39984
Hackett_NumErrAlns,0-0.1,3,0.044247,0.044247,2,0,20,1,0,0,0,40072,0,88,0,39984
Hackett_NumErrAlns,0-0.1,3,0.044247,0.044247,2,0,10,0,0,0,0,40072,0,88,0,39984
Hackett_NumErrAlns,0-0.1,3,0.044247,0.044247,2,0,10,1,0,0,0,40072,0,88,0,39984
Hackett_NumErrAlns,0-0.1,3,0.044247,0.044247,2,0,5,0,0,0,0,40072,0,88,0,39984
Hackett_NumErrAlns,0-0.1,3,0.044247,0.044247,2,0,5,1,0,0,0,40072,0,88,0,39984
Hackett_NumErrAlns,0-0.1,3,0.086607,0.072441,4,0,4,0,0,0,0,77968,16,7,169,77776
Hackett_NumErrAlns,0-0.1,3,0.086607,0.072441,4,0,4,1,0,0,0,77968,12,28,148,77780
Hackett_NumErrAlns,0-0.1,3,0.086607,0.072441,4,0,50,0,0,0,0,77968,7,0,88,77873
Hackett_NumErrAlns,0-0.1,3,0.086607,0.072441,4,0,50,1,0,0,0,77968,2,11,77,77878
Hackett_NumErrAlns,0-0.1,3,0.086607,0.072441,4,0,20,0,0,0,0,77968,6,0,88,77874
Hackett_NumErrAlns,0-0.1,3,0.086607,0.072441,4,0,20,1,0,0,0,77968,9,0,88,77871
Hackett_NumErrAlns,0-0.1,3,0.086607,0.072441,4,0,10,0,0,0,0,77968,12,0,88,77868
Hackett_NumErrAlns,0-0.1,3,0.086607,0.072441,4,0,10,1,0,0,0,77968,7,17,71,77873
Hackett_NumErrAlns,0-0.1,3,0.086607,0.072441,4,0,5,0,0,0,0,77968,12,0,88,77868
Hackett_NumErrAlns,0-0.1,3,0.086607,0.072441,4,0,5,1,0,0,0,77968,5,0,88,77875
Hackett_NumErrAlns,0-0.1,4,0.047719,0.047719,2,0,2,0,0,0,0,36477,0,88,0,36389
Hackett_NumErrAlns,0-0.1,4,0.047719,0.047719,2,0,2,1,0,0,0,36477,0,88,0,36389
Hackett_NumErrAlns,0-0.1,4,0.047719,0.047719,2,0,50,0,0,0,0,36477,0,88,0,36389
Hackett_NumErrAlns,0-0.1,4,0.047719,0.047719,2,0,50,1,0,0,0,36477,0,88,0,36389
Hackett_NumErrAlns,0-0.1,4,0.047719,0.047719,2,0,20,0,0,0,0,36477,0,88,0,36389
Hackett_NumErrAlns,0-0.1,4,0.047719,0.047719,2,0,20,1,0,0,0,36477,0,88,0,36389
Hackett_NumErrAlns,0-0.1,4,0.047719,0.047719,2,0,10,0,0,0,0,36477,0,88,0,36389
Hackett_NumErrAlns,0-0.1,4,0.047719,0.047719,2,0,10,1,0,0,0,36477,0,88,0,36389
Hackett_NumErrAlns,0-0.1,4,0.047719,0.047719,2,0,5,0,0,0,0,36477,0,88,0,36389
Hackett_NumErrAlns,0-0.1,4,0.047719,0.047719,2,0,5,1,0,0,0,36477,0,88,0,36389
Hackett_NumErrAlns,0-0.1,4,0.083417,0.066722,4,0,4,0,0,0,0,78637,11,11,165,78450
Hackett_NumErrAlns,0-0.1,4,0.083417,0.066722,4,0,4,1,0,0,0,78637,12,0,88,78537
Hackett_NumErrAlns,0-0.1,4,0.083417,0.066722,4,0,50,0,0,0,0,78637,5,0,88,78544
Hackett_NumErrAlns,0-0.1,4,0.083417,0.066722,4,0,50,1,0,0,0,78637,0,61,27,78549
Hackett_NumErrAlns,0-0.1,4,0.083417,0.066722,4,0,20,0,0,0,0,78637,4,3,85,78545
Hackett_NumErrAlns,0-0.1,4,0.083417,0.066722,4,0,20,1,0,0,0,78637,7,0,88,78542
Hackett_NumErrAlns,0-0.1,4,0.083417,0.066722,4,0,10,0,0,0,0,78637,3,13,75,78546
Hackett_NumErrAlns,0-0.1,4,0.083417,0.066722,4,0,10,1,0,0,0,78637,13,0,88,78536
Hackett_NumErrAlns,0-0.1,4,0.083417,0.066722,4,0,5,0,0,0,0,78637,12,0,88,78537
Hackett_NumErrAlns,0-0.1,4,0.083417,0.066722,4,0,5,1,0,0,0,78637,6,0,88,78543
Hackett_NumErrAlns,0-0.1,5,0.048213,0.048213,2,0,2,0,0,0,0,37724,0,88,0,37636
Hackett_NumErrAlns,0-0.1,5,0.048213,0.048213,2,0,2,1,0,0,0,37724,0,88,0,37636
Hackett_NumErrAlns,0-0.1,5,0.048213,0.048213,2,0,50,0,0,0,0,37724,0,88,0,37636
Hackett_NumErrAlns,0-0.1,5,0.048213,0.048213,2,0,50,1,0,0,0,37724,0,88,0,37636
Hackett_NumErrAlns,0-0.1,5,0.048213,0.048213,2,0,20,0,0,0,0,37724,0,88,0,37636
Hackett_NumErrAlns,0-0.1,5,0.048213,0.048213,2,0,20,1,0,0,0,37724,0,88,0,37636
Hackett_NumErrAlns,0-0.1,5,0.048213,0.048213,2,0,10,0,0,0,0,37724,0,88,0,37636
Hackett_NumErrAlns,0-0.1,5,0.048213,0.048213,2,0,10,1,0,0,0,37724,0,88,0,37636
Hackett_NumErrAlns,0-0.1,5,0.048213,0.048213,2,0,5,0,0,0,0,37724,0,88,0,37636
Hackett_NumErrAlns,0-0.1,5,0.048213,0.048213,2,0,5,1,0,0,0,37724,0,88,0,37636
Hackett_NumErrAlns,0-0.1,5,0.092028,0.067358,4,0,4,0,319,0,0,78242,469,0,176,77916
Hackett_NumErrAlns,0-0.1,5,0.092028,0.067358,4,0,4,1,319,0,0,78242,454,24,152,77931
Hackett_NumErrAlns,0-0.1,5,0.092028,0.067358,4,0,50,0,319,0,0,78242,451,12,76,78022
Hackett_NumErrAlns,0-0.1,5,0.092028,0.067358,4,0,50,1,319,0,0,78242,447,0,88,78026
Hackett_NumErrAlns,0-0.1,5,0.092028,0.067358,4,0,20,0,319,0,0,78242,452,0,88,78021
Hackett_NumErrAlns,0-0.1,5,0.092028,0.067358,4,0,20,1,319,0,0,78242,452,17,71,78021
Hackett_NumErrAlns,0-0.1,5,0.092028,0.067358,4,0,10,0,319,0,0,78242,448,15,73,78025
Hackett_NumErrAlns,0-0.1,5,0.092028,0.067358,4,0,10,1,319,0,0,78242,448,13,75,78025
Hackett_NumErrAlns,0-0.1,5,0.092028,0.067358,4,0,5,0,319,0,0,78242,450,0,88,78023
Hackett_NumErrAlns,0-0.1,5,0.092028,0.067358,4,0,5,1,319,0,0,78242,449,0,88,78024
Hackett_NumErrAlns,0-0.1,6,0.033156,0.033156,2,0,2,0,0,0,0,37340,0,88,0,37252
Hackett_NumErrAlns,0-0.1,6,0.033156,0.033156,2,0,2,1,0,0,0,37340,0,88,0,37252
Hackett_NumErrAlns,0-0.1,6,0.033156,0.033156,2,0,50,0,0,0,0,37340,0,88,0,37252
Hackett_NumErrAlns,0-0.1,6,0.033156,0.033156,2,0,50,1,0,0,0,37340,0,88,0,37252
Hackett_NumErrAlns,0-0.1,6,0.033156,0.033156,2,0,20,0,0,0,0,37340,0,88,0,37252
Hackett_NumErrAlns,0-0.1,6,0.033156,0.033156,2,0,20,1,0,0,0,37340,0,88,0,37252
Hackett_NumErrAlns,0-0.1,6,0.033156,0.033156,2,0,10,0,0,0,0,37340,0,88,0,37252
Hackett_NumErrAlns,0-0.1,6,0.033156,0.033156,2,0,10,1,0,0,0,37340,0,88,0,37252
Hackett_NumErrAlns,0-0.1,6,0.033156,0.033156,2,0,5,0,0,0,0,37340,0,88,0,37252
Hackett_NumErrAlns,0-0.1,6,0.033156,0.033156,2,0,5,1,0,0,0,37340,0,88,0,37252
Hackett_NumErrAlns,0-0.1,6,0.079578,0.072918,3,0,3,0,0,0,0,57886,14,2,174,57696
Hackett_NumErrAlns,0-0.1,6,0.079578,0.072918,3,0,3,1,0,0,0,57886,2,101,75,57708
Hackett_NumErrAlns,0-0.1,6,0.079578,0.072918,3,0,50,0,0,0,0,57886,0,88,0,57798
Hackett_NumErrAlns,0-0.1,6,0.079578,0.072918,3,0,50,1,0,0,0,57886,8,0,88,57790
Hackett_NumErrAlns,0-0.1,6,0.079578,0.072918,3,0,20,0,0,0,0,57886,5,27,61,57793
Hackett_NumErrAlns,0-0.1,6,0.079578,0.072918,3,0,20,1,0,0,0,57886,13,0,88,57785
Hackett_NumErrAlns,0-0.1,6,0.079578,0.072918,3,0,10,0,0,0,0,57886,6,8,80,57792
Hackett_NumErrAlns,0-0.1,6,0.079578,0.072918,3,0,10,1,0,0,0,57886,0,88,0,57798
Hackett_NumErrAlns,0-0.1,6,0.079578,0.072918,3,0,5,0,0,0,0,57886,9,0,88,57789
Hackett_NumErrAlns,0-0.1,6,0.079578,0.072918,3,0,5,1,0,0,0,57886,10,0,88,57788
Hackett_NumErrAlns,0-0.1,7,0.036812,0.036812,2,0,2,0,0,0,0,39820,0,88,0,39732
Hackett_NumErrAlns,0-0.1,7,0.036812,0.036812,2,0,2,1,0,0,0,39820,0,88,0,39732
Hackett_NumErrAlns,0-0.1,7,0.036812,0.036812,2,0,50,0,0,0,0,39820,0,88,0,39732
Hackett_NumErrAlns,0-0.1,7,0.036812,0.036812,2,0,50,1,0,0,0,39820,0,88,0,39732
Hackett_NumErrAlns,0-0.1,7,0.036812,0.036812,2,0,20,0,0,0,0,39820,0,88,0,39732
Hackett_NumErrAlns,0-0.1,7,0.036812,0.036812,2,0,20,1,0,0,0,39820,0,88,0,39732
Hackett_NumErrAlns,0-0.1,7,0.036812,0.036812,2,0,10,0,0,0,0,39820,0,88,0,39732
Hackett_NumErrAlns,0-0.1,7,0.036812,0.036812,2,0,10,1,0,0,0,39820,0,88,0,39732
Hackett_NumErrAlns,0-0.1,7,0.036812,0.036812,2,0,5,0,0,0,0,39820,0,88,0,39732
Hackett_NumErrAlns,0-0.1,7,0.036812,0.036812,2,0,5,1,0,0,0,39820,0,88,0,39732
Hackett_NumErrAlns,0-0.1,7,0.090854,0.073564,3,0,3,0,0,0,0,60462,9,0,88,60365
Hackett_NumErrAlns,0-0.1,7,0.090854,0.073564,3,0,3,1,0,0,0,60462,6,25,63,60368
Hackett_NumErrAlns,0-0.1,7,0.090854,0.073564,3,0,50,0,0,0,0,60462,8,13,75,60366
Hackett_NumErrAlns,0-0.1,7,0.090854,0.073564,3,0,50,1,0,0,0,60462,12,0,88,60362
Hackett_NumErrAlns,0-0.1,7,0.090854,0.073564,3,0,20,0,0,0,0,60462,7,0,88,60367
Hackett_NumErrAlns,0-0.1,7,0.090854,0.073564,3,0,20,1,0,0,0,60462,10,0,88,60364
Hackett_NumErrAlns,0-0.1,7,0.090854,0.073564,3,0,10,0,0,0,0,60462,8,0,88,60366
Hackett_NumErrAlns,0-0.1,7,0.090854,0.073564,3,0,10,1,0,0,0,60462,9,0,88,60365
Hackett_NumErrAlns,0-0.1,7,0.090854,0.073564,3,0,5,0,0,0,0,60462,5,0,88,60369
Hackett_NumErrAlns,0-0.1,7,0.090854,0.073564,3,0,5,1,0,0,0,60462,7,0,88,60367
Hackett_NumErrAlns,0-0.1,8,0.047971,0.047971,2,0,2,0,0,0,0,38257,0,88,0,38169
Hackett_NumErrAlns,0-0.1,8,0.047971,0.047971,2,0,2,1,0,0,0,38257,0,88,0,38169
Hackett_NumErrAlns,0-0.1,8,0.047971,0.047971,2,0,50,0,0,0,0,38257,0,88,0,38169
Hackett_NumErrAlns,0-0.1,8,0.047971,0.047971,2,0,50,1,0,0,0,38257,0,88,0,38169
Hackett_NumErrAlns,0-0.1,8,0.047971,0.047971,2,0,20,0,0,0,0,38257,0,88,0,38169
Hackett_NumErrAlns,0-0.1,8,0.047971,0.047971,2,0,20,1,0,0,0,38257,0,88,0,38169
Hackett_NumErrAlns,0-0.1,8,0.047971,0.047971,2,0,10,0,0,0,0,38257,0,88,0,38169
Hackett_NumErrAlns,0-0.1,8,0.047971,0.047971,2,0,10,1,0,0,0,38257,0,88,0,38169
Hackett_NumErrAlns,0-0.1,8,0.047971,0.047971,2,0,5,0,0,0,0,38257,0,88,0,38169
Hackett_NumErrAlns,0-0.1,8,0.047971,0.047971,2,0,5,1,0,0,0,38257,0,88,0,38169
Hackett_NumErrAlns,0-0.1,8,0.094032,0.077331,3,0,3,0,0,0,0,55932,3,106,70,55753
Hackett_NumErrAlns,0-0.1,8,0.094032,0.077331,3,0,3,1,0,0,0,55932,11,0,88,55833
Hackett_NumErrAlns,0-0.1,8,0.094032,0.077331,3,0,50,0,0,0,0,55932,10,0,88,55834
Hackett_NumErrAlns,0-0.1,8,0.094032,0.077331,3,0,50,1,0,0,0,55932,10,0,88,55834
Hackett_NumErrAlns,0-0.1,8,0.094032,0.077331,3,0,20,0,0,0,0,55932,3,1,87,55841
Hackett_NumErrAlns,0-0.1,8,0.094032,0.077331,3,0,20,1,0,0,0,55932,0,39,49,55844
Hackett_NumErrAlns,0-0.1,8,0.094032,0.077331,3,0,10,0,0,0,0,55932,14,0,88,55830
Hackett_NumErrAlns,0-0.1,8,0.094032,0.077331,3,0,10,1,0,0,0,55932,0,23,65,55844
Hackett_NumErrAlns,0-0.1,8,0.094032,0.077331,3,0,5,0,0,0,0,55932,10,0,88,55834
Hackett_NumErrAlns,0-0.1,8,0.094032,0.077331,3,0,5,1,0,0,0,55932,0,26,62,55844
Hackett_NumErrAlns,0-0.1,9,0.039381,0.039381,2,0,2,0,0,0,0,35287,0,88,0,35199
Hackett_NumErrAlns,0-0.1,9,0.039381,0.039381,2,0,2,1,0,0,0,35287,0,88,0,35199
Hackett_NumErrAlns,0-0.1,9,0.039381,0.039381,2,0,50,0,0,0,0,35287,0,88,0,35199
Hackett_NumErrAlns,0-0.1,9,0.039381,0.039381,2,0,50,1,0,0,0,35287,0,88,0,35199
Hackett_NumErrAlns,0-0.1,9,0.039381,0.039381,2,0,20,0,0,0,0,35287,0,88,0,35199
Hackett_NumErrAlns,0-0.1,9,0.039381,0.039381,2,0,20,1,0,0,0,35287,0,88,0,35199
Hackett_NumErrAlns,0-0.1,9,0.039381,0.039381,2,0,10,0,0,0,0,35287,0,88,0,35199
Hackett_NumErrAlns,0-0.1,9,0.039381,0.039381,2,0,10,1,0,0,0,35287,0,88,0,35199
Hackett_NumErrAlns,0-0.1,9,0.039381,0.039381,2,0,5,0,0,0,0,35287,0,88,0,35199
Hackett_NumErrAlns,0-0.1,9,0.039381,0.039381,2,0,5,1,0,0,0,35287,0,88,0,35199
Hackett_NumErrAlns,0-0.1,9,0.07566,0.064861,3,0,3,0,0,0,0,56542,4,88,88,56362
Hackett_NumErrAlns,0-0.1,9,0.07566,0.064861,3,0,3,1,0,0,0,56542,9,0,88,56445
Hackett_NumErrAlns,0-0.1,9,0.07566,0.064861,3,0,50,0,0,0,0,56542,3,0,88,56451
Hackett_NumErrAlns,0-0.1,9,0.07566,0.064861,3,0,50,1,0,0,0,56542,8,0,88,56446
Hackett_NumErrAlns,0-0.1,9,0.07566,0.064861,3,0,20,0,0,0,0,56542,9,0,88,56445
Hackett_NumErrAlns,0-0.1,9,0.07566,0.064861,3,0,20,1,0,0,0,56542,4,2,86,56450
Hackett_NumErrAlns,0-0.1,9,0.07566,0.064861,3,0,10,0,0,0,0,56542,10,0,88,56444
Hackett_NumErrAlns,0-0.1,9,0.07566,0.064861,3,0,10,1,0,0,0,56542,6,10,78,56448
Hackett_NumErrAlns,0-0.1,9,0.07566,0.064861,3,0,5,0,0,0,0,56542,7,12,76,56447
Hackett_NumErrAlns,0-0.1,9,0.07566,0.064861,3,0,5,1,0,0,0,56542,6,9,79,56448
