Error_Trees//small-10-aa-RV100-BBA0039_tree_diameter8.57740415_leaves807_errlen8_numseqdiv20_rep0_4097_0_0_298984_err.tree\t4332.0000 3569.8501 289.0000 15.1986\t3619.0000 3008.5216 287.5000 30.6059
Error_Trees//small-10-aa-RV100-BBA0039_tree_diameter8.57740415_leaves807_errlen8_numseqdiv20_rep10_4097_0_0_298984_err.tree\t3083.0000 2719.4327 275.0000 14.5347\t3816.0000 3359.3056 296.5000 29.5294
Error_Trees//small-10-aa-RV100-BBA0039_tree_diameter8.57740415_leaves807_errlen8_numseqdiv20_rep11_4097_0_0_298984_err.tree\t3305.0000 2801.3172 275.5000 16.9365\t3290.0000 3080.8905 284.5000 34.2939
Error_Trees//small-10-aa-RV100-BBA0039_tree_diameter8.57740415_leaves807_errlen8_numseqdiv20_rep12_4097_0_0_298984_err.tree\t3625.0000 2929.2982 264.0000 15.3753\t3078.0000 2896.8911 290.5000 27.4802
Error_Trees//small-10-aa-RV100-BBA0039_tree_diameter8.57740415_leaves807_errlen8_numseqdiv20_rep13_4097_0_0_298984_err.tree\t3608.0000 3307.7839 283.5000 17.7907\t3850.0000 3437.1183 280.5000 32.7893
Error_Trees//small-10-aa-RV100-BBA0039_tree_diameter8.57740415_leaves807_errlen8_numseqdiv20_rep14_4097_0_0_298984_err.tree\t3594.0000 2875.9155 295.0000 15.2385\t3646.0000 3374.2910 312.5000 34.8506
Error_Trees//small-10-aa-RV100-BBA0039_tree_diameter8.57740415_leaves807_errlen8_numseqdiv20_rep15_4097_0_0_298984_err.tree\t4348.0000 3783.1918 286.0000 14.8359\t3998.0000 3352.3660 292.5000 30.8471
Error_Trees//small-10-aa-RV100-BBA0039_tree_diameter8.57740415_leaves807_errlen8_numseqdiv20_rep16_4097_0_0_298984_err.tree\t2850.0000 2664.9263 289.0000 17.0735\t3963.0000 3421.2162 303.5000 32.5865
Error_Trees//small-10-aa-RV100-BBA0039_tree_diameter8.57740415_leaves807_errlen8_numseqdiv20_rep17_4097_0_0_298984_err.tree\t3580.0000 3084.2127 271.5000 15.3532\t3940.0000 3559.0805 293.5000 31.9250
Error_Trees//small-10-aa-RV100-BBA0039_tree_diameter8.57740415_leaves807_errlen8_numseqdiv20_rep18_4097_0_0_298984_err.tree\t3055.0000 2786.6614 258.0000 13.0295\t3729.0000 3410.5486 276.5000 30.2837
Error_Trees//small-10-aa-RV100-BBA0039_tree_diameter8.57740415_leaves807_errlen8_numseqdiv20_rep19_4097_0_0_298984_err.tree\t2820.0000 2508.1033 287.5000 14.5799\t4142.0000 3526.6951 286.0000 26.2315
Error_Trees//small-10-aa-RV100-BBA0039_tree_diameter8.57740415_leaves807_errlen8_numseqdiv20_rep1_4097_0_0_298984_err.tree\t3347.0000 3085.4620 285.0000 16.2440\t3251.0000 2851.5561 281.0000 25.6921
Error_Trees//small-10-aa-RV100-BBA0039_tree_diameter8.57740415_leaves807_errlen8_numseqdiv20_rep2_4097_0_0_298984_err.tree\t3987.0000 3478.2820 294.0000 17.6473\t4084.0000 3428.9582 280.5000 28.2722
Error_Trees//small-10-aa-RV100-BBA0039_tree_diameter8.57740415_leaves807_errlen8_numseqdiv20_rep3_4097_0_0_298984_err.tree\t3800.0000 3162.7611 271.0000 14.5139\t3827.0000 3363.7027 289.0000 27.4098
Error_Trees//small-10-aa-RV100-BBA0039_tree_diameter8.57740415_leaves807_errlen8_numseqdiv20_rep4_4097_0_0_298984_err.tree\t3045.0000 2629.8194 260.5000 13.4601\t3785.0000 3324.6588 312.0000 30.1399
Error_Trees//small-10-aa-RV100-BBA0039_tree_diameter8.57740415_leaves807_errlen8_numseqdiv20_rep5_4097_0_0_298984_err.tree\t2643.0000 2602.6706 273.0000 16.4517\t3140.0000 2977.1171 267.5000 30.3966
Error_Trees//small-10-aa-RV100-BBA0039_tree_diameter8.57740415_leaves807_errlen8_numseqdiv20_rep6_4097_0_0_298984_err.tree\t3805.0000 3371.3496 270.5000 13.8354\t3327.0000 3058.7200 281.0000 29.6380
Error_Trees//small-10-aa-RV100-BBA0039_tree_diameter8.57740415_leaves807_errlen8_numseqdiv20_rep7_4097_0_0_298984_err.tree\t3355.0000 3116.0324 270.5000 14.9717\t3695.0000 3485.0653 274.5000 27.4548
Error_Trees//small-10-aa-RV100-BBA0039_tree_diameter8.57740415_leaves807_errlen8_numseqdiv20_rep8_4097_0_0_298984_err.tree\t2910.0000 2676.1476 279.5000 18.9346\t4338.0000 3503.5351 291.0000 27.7942
Error_Trees//small-10-aa-RV100-BBA0039_tree_diameter8.57740415_leaves807_errlen8_numseqdiv20_rep9_4097_0_0_298984_err.tree\t2907.0000 2680.9539 293.5000 22.0650\t3411.0000 3390.5861 296.0000 30.4573
