small-10-aa-RV100-BBA0039,X,0,8.57740415,0,807,8,20,0,4332.0000,3569.8501,289.0000,15.1986,3801.0000,3360.0759,267.0000,12.1624
small-10-aa-RV100-BBA0039,X,0,8.57740415,0,807,8,20,10,3083.0000,2719.4327,275.0000,14.5347,2808.0000,2730.2483,220.0000,12.2388
small-10-aa-RV100-BBA0039,X,0,8.57740415,0,807,8,20,11,3305.0000,2801.3172,275.5000,16.9365,2426.0000,2190.7894,243.5000,14.4562
small-10-aa-RV100-BBA0039,X,0,8.57740415,0,807,8,20,12,3625.0000,2929.2982,264.0000,15.3753,2997.0000,2477.6259,269.0000,13.6838
small-10-aa-RV100-BBA0039,X,0,8.57740415,0,807,8,20,13,3608.0000,3307.7839,283.5000,17.7907,3327.0000,3161.6122,247.5000,12.5555
small-10-aa-RV100-BBA0039,X,0,8.57740415,0,807,8,20,14,3594.0000,2875.9155,295.0000,15.2385,2660.0000,2197.2110,264.0000,10.7506
small-10-aa-RV100-BBA0039,X,0,8.57740415,0,807,8,20,15,4348.0000,3783.1918,286.0000,14.8359,3262.0000,2890.9396,245.0000,11.6352
small-10-aa-RV100-BBA0039,X,0,8.57740415,0,807,8,20,16,2850.0000,2664.9263,289.0000,17.0735,4300.0000,4028.4446,259.0000,12.7663
small-10-aa-RV100-BBA0039,X,0,8.57740415,0,807,8,20,17,3580.0000,3084.2127,271.5000,15.3532,3162.0000,2513.8059,230.5000,11.5904
small-10-aa-RV100-BBA0039,X,0,8.57740415,0,807,8,20,18,3055.0000,2786.6614,258.0000,13.0295,3613.0000,3144.5928,243.0000,12.8703
small-10-aa-RV100-BBA0039,X,0,8.57740415,0,807,8,20,19,2820.0000,2508.1033,287.5000,14.5799,2883.0000,2540.6054,279.5000,13.3208
small-10-aa-RV100-BBA0039,X,0,8.57740415,0,807,8,20,1,3347.0000,3085.4620,285.0000,16.2440,3550.0000,3023.7073,259.0000,13.4043
small-10-aa-RV100-BBA0039,X,0,8.57740415,0,807,8,20,2,3987.0000,3478.2820,294.0000,17.6473,3701.0000,3103.2850,214.0000,11.4710
small-10-aa-RV100-BBA0039,X,0,8.57740415,0,807,8,20,3,3800.0000,3162.7611,271.0000,14.5139,3096.0000,2608.7533,236.0000,11.1750
small-10-aa-RV100-BBA0039,X,0,8.57740415,0,807,8,20,4,3045.0000,2629.8194,260.5000,13.4601,3113.0000,2812.9341,257.5000,11.0958
small-10-aa-RV100-BBA0039,X,0,8.57740415,0,807,8,20,5,2643.0000,2602.6706,273.0000,16.4517,3308.0000,2813.5309,267.0000,13.8209
small-10-aa-RV100-BBA0039,X,0,8.57740415,0,807,8,20,6,3805.0000,3371.3496,270.5000,13.8354,2969.0000,2678.3006,238.5000,11.5614
small-10-aa-RV100-BBA0039,X,0,8.57740415,0,807,8,20,7,3355.0000,3116.0324,270.5000,14.9717,3131.0000,2620.7598,247.5000,11.9637
small-10-aa-RV100-BBA0039,X,0,8.57740415,0,807,8,20,8,2910.0000,2676.1476,279.5000,18.9346,3405.0000,3009.6139,261.5000,13.2520
small-10-aa-RV100-BBA0039,X,0,8.57740415,0,807,8,20,9,2907.0000,2680.9539,293.5000,22.0650,3028.0000,2733.0770,233.5000,15.2716
