Error_Trees//small-10-aa-RV100-BBA0039_tree_diameter8.57740415_leaves807_errlen8_numseqdiv20_rep0_4097_0_0_298984_err.tree\t4332.0000 3569.8501 289.0000 15.1986\t3801.0000 3360.0759 267.0000 12.1624
Error_Trees//small-10-aa-RV100-BBA0039_tree_diameter8.57740415_leaves807_errlen8_numseqdiv20_rep10_4097_0_0_298984_err.tree\t3083.0000 2719.4327 275.0000 14.5347\t2808.0000 2730.2483 220.0000 12.2388
Error_Trees//small-10-aa-RV100-BBA0039_tree_diameter8.57740415_leaves807_errlen8_numseqdiv20_rep11_4097_0_0_298984_err.tree\t3305.0000 2801.3172 275.5000 16.9365\t2426.0000 2190.7894 243.5000 14.4562
Error_Trees//small-10-aa-RV100-BBA0039_tree_diameter8.57740415_leaves807_errlen8_numseqdiv20_rep12_4097_0_0_298984_err.tree\t3625.0000 2929.2982 264.0000 15.3753\t2997.0000 2477.6259 269.0000 13.6838
Error_Trees//small-10-aa-RV100-BBA0039_tree_diameter8.57740415_leaves807_errlen8_numseqdiv20_rep13_4097_0_0_298984_err.tree\t3608.0000 3307.7839 283.5000 17.7907\t3327.0000 3161.6122 247.5000 12.5555
Error_Trees//small-10-aa-RV100-BBA0039_tree_diameter8.57740415_leaves807_errlen8_numseqdiv20_rep14_4097_0_0_298984_err.tree\t3594.0000 2875.9155 295.0000 15.2385\t2660.0000 2197.2110 264.0000 10.7506
Error_Trees//small-10-aa-RV100-BBA0039_tree_diameter8.57740415_leaves807_errlen8_numseqdiv20_rep15_4097_0_0_298984_err.tree\t4348.0000 3783.1918 286.0000 14.8359\t3262.0000 2890.9396 245.0000 11.6352
Error_Trees//small-10-aa-RV100-BBA0039_tree_diameter8.57740415_leaves807_errlen8_numseqdiv20_rep16_4097_0_0_298984_err.tree\t2850.0000 2664.9263 289.0000 17.0735\t4300.0000 4028.4446 259.0000 12.7663
Error_Trees//small-10-aa-RV100-BBA0039_tree_diameter8.57740415_leaves807_errlen8_numseqdiv20_rep17_4097_0_0_298984_err.tree\t3580.0000 3084.2127 271.5000 15.3532\t3162.0000 2513.8059 230.5000 11.5904
Error_Trees//small-10-aa-RV100-BBA0039_tree_diameter8.57740415_leaves807_errlen8_numseqdiv20_rep18_4097_0_0_298984_err.tree\t3055.0000 2786.6614 258.0000 13.0295\t3613.0000 3144.5928 243.0000 12.8703
Error_Trees//small-10-aa-RV100-BBA0039_tree_diameter8.57740415_leaves807_errlen8_numseqdiv20_rep19_4097_0_0_298984_err.tree\t2820.0000 2508.1033 287.5000 14.5799\t2883.0000 2540.6054 279.5000 13.3208
Error_Trees//small-10-aa-RV100-BBA0039_tree_diameter8.57740415_leaves807_errlen8_numseqdiv20_rep1_4097_0_0_298984_err.tree\t3347.0000 3085.4620 285.0000 16.2440\t3550.0000 3023.7073 259.0000 13.4043
Error_Trees//small-10-aa-RV100-BBA0039_tree_diameter8.57740415_leaves807_errlen8_numseqdiv20_rep2_4097_0_0_298984_err.tree\t3987.0000 3478.2820 294.0000 17.6473\t3701.0000 3103.2850 214.0000 11.4710
Error_Trees//small-10-aa-RV100-BBA0039_tree_diameter8.57740415_leaves807_errlen8_numseqdiv20_rep3_4097_0_0_298984_err.tree\t3800.0000 3162.7611 271.0000 14.5139\t3096.0000 2608.7533 236.0000 11.1750
Error_Trees//small-10-aa-RV100-BBA0039_tree_diameter8.57740415_leaves807_errlen8_numseqdiv20_rep4_4097_0_0_298984_err.tree\t3045.0000 2629.8194 260.5000 13.4601\t3113.0000 2812.9341 257.5000 11.0958
Error_Trees//small-10-aa-RV100-BBA0039_tree_diameter8.57740415_leaves807_errlen8_numseqdiv20_rep5_4097_0_0_298984_err.tree\t2643.0000 2602.6706 273.0000 16.4517\t3308.0000 2813.5309 267.0000 13.8209
Error_Trees//small-10-aa-RV100-BBA0039_tree_diameter8.57740415_leaves807_errlen8_numseqdiv20_rep6_4097_0_0_298984_err.tree\t3805.0000 3371.3496 270.5000 13.8354\t2969.0000 2678.3006 238.5000 11.5614
Error_Trees//small-10-aa-RV100-BBA0039_tree_diameter8.57740415_leaves807_errlen8_numseqdiv20_rep7_4097_0_0_298984_err.tree\t3355.0000 3116.0324 270.5000 14.9717\t3131.0000 2620.7598 247.5000 11.9637
Error_Trees//small-10-aa-RV100-BBA0039_tree_diameter8.57740415_leaves807_errlen8_numseqdiv20_rep8_4097_0_0_298984_err.tree\t2910.0000 2676.1476 279.5000 18.9346\t3405.0000 3009.6139 261.5000 13.2520
Error_Trees//small-10-aa-RV100-BBA0039_tree_diameter8.57740415_leaves807_errlen8_numseqdiv20_rep9_4097_0_0_298984_err.tree\t2907.0000 2680.9539 293.5000 22.0650\t3028.0000 2733.0770 233.5000 15.2716
