Hackett,0.1-0.2,0,0.117827,0.084587,18,X,18,0,39,0,0,349459,225,34,861,348378
Hackett,0.1-0.2,0,0.117827,0.084587,18,X,20,1,39,0,0,349459,221,106,807,348364
Hackett,0.1-0.2,0,0.117827,0.084587,18,X,21,2,39,0,0,349459,158,200,701,348439
Hackett,0.1-0.2,0,0.117827,0.084587,18,X,20,3,39,0,0,349459,210,66,828,348394
Hackett,0.1-0.2,0,0.117827,0.084587,18,X,17,4,39,0,0,349459,242,32,884,348340
Hackett,0.1-0.2,0,0.142025,0.104754,13,X,20,0,0,0,0,236587,107,25,638,235817
Hackett,0.1-0.2,0,0.142025,0.104754,13,X,20,1,0,0,0,236587,120,21,603,235843
Hackett,0.1-0.2,0,0.142025,0.104754,13,X,22,2,0,0,0,236587,88,52,640,235807
Hackett,0.1-0.2,0,0.142025,0.104754,13,X,18,3,0,0,0,236587,118,37,650,235782
Hackett,0.1-0.2,0,0.142025,0.104754,13,X,19,4,0,0,0,236587,112,12,670,235793
Hackett,0.1-0.2,0,0.153792,0.092053,20,X,20,0,304,0,0,384609,499,39,1019,383356
Hackett,0.1-0.2,0,0.153792,0.092053,20,X,19,1,304,0,0,384609,501,57,905,383450
Hackett,0.1-0.2,0,0.153792,0.092053,20,X,19,2,304,0,0,384609,498,13,997,383405
Hackett,0.1-0.2,0,0.153792,0.092053,20,X,21,3,304,0,0,384609,516,10,960,383427
Hackett,0.1-0.2,0,0.153792,0.092053,20,X,19,4,304,0,0,384609,472,96,937,383408
Hackett,0.1-0.2,0,0.19418,0.143365,13,X,19,0,34,0,0,232414,171,7,716,231554
Hackett,0.1-0.2,0,0.19418,0.143365,13,X,20,1,34,0,0,232414,145,18,628,231657
Hackett,0.1-0.2,0,0.19418,0.143365,13,X,22,2,34,0,0,232414,153,40,654,231601
Hackett,0.1-0.2,0,0.19418,0.143365,13,X,22,3,34,0,0,232414,170,10,591,231677
Hackett,0.1-0.2,0,0.19418,0.143365,13,X,21,4,34,0,0,232414,158,15,651,231624
Hackett,0.1-0.2,1,0.117827,0.084249,17,X,23,0,39,0,0,329619,137,97,682,328742
Hackett,0.1-0.2,1,0.117827,0.084249,17,X,21,1,39,0,0,329619,131,106,715,328706
Hackett,0.1-0.2,1,0.117827,0.084249,17,X,19,2,39,0,0,329619,180,37,809,328632
Hackett,0.1-0.2,1,0.117827,0.084249,17,X,19,3,39,0,0,329619,182,34,837,328605
Hackett,0.1-0.2,1,0.117827,0.084249,17,X,19,4,39,0,0,329619,166,17,804,328671
Hackett,0.1-0.2,1,0.142025,0.101349,12,X,18,0,0,0,0,219431,109,5,545,218772
Hackett,0.1-0.2,1,0.142025,0.101349,12,X,15,1,0,0,0,219431,104,8,542,218777
Hackett,0.1-0.2,1,0.142025,0.101349,12,X,23,2,0,0,0,219431,81,15,559,218776
Hackett,0.1-0.2,1,0.142025,0.101349,12,X,18,3,0,0,0,219431,101,8,585,218737
Hackett,0.1-0.2,1,0.142025,0.101349,12,X,18,4,0,0,0,219431,112,22,607,218690
Hackett,0.1-0.2,1,0.164978,0.128396,10,X,20,0,0,0,0,182400,92,11,462,181835
Hackett,0.1-0.2,1,0.164978,0.128396,10,X,19,1,0,0,0,182400,83,20,435,181862
Hackett,0.1-0.2,1,0.164978,0.128396,10,X,17,2,0,0,0,182400,76,54,454,181816
Hackett,0.1-0.2,1,0.164978,0.128396,10,X,21,3,0,0,0,182400,99,13,441,181847
Hackett,0.1-0.2,1,0.164978,0.128396,10,X,19,4,0,0,0,182400,77,24,451,181848
Hackett,0.1-0.2,1,0.19418,0.143154,12,X,22,0,34,0,0,214672,147,39,510,214010
Hackett,0.1-0.2,1,0.19418,0.143154,12,X,18,1,34,0,0,214672,132,43,531,214000
Hackett,0.1-0.2,1,0.19418,0.143154,12,X,21,2,34,0,0,214672,133,30,523,214020
Hackett,0.1-0.2,1,0.19418,0.143154,12,X,17,3,34,0,0,214672,136,52,541,213977
Hackett,0.1-0.2,1,0.19418,0.143154,12,X,17,4,34,0,0,214672,143,17,589,213957
Hackett,0.1-0.2,2,0.117827,0.088121,11,X,21,0,39,0,0,216595,81,20,545,215988
Hackett,0.1-0.2,2,0.117827,0.088121,11,X,18,1,39,0,0,216595,88,15,518,216013
Hackett,0.1-0.2,2,0.117827,0.088121,11,X,21,2,39,0,0,216595,93,3,564,215974
Hackett,0.1-0.2,2,0.117827,0.088121,11,X,19,3,39,0,0,216595,60,25,519,216030
Hackett,0.1-0.2,2,0.117827,0.088121,11,X,22,4,39,0,0,216595,126,5,535,215968
Hackett,0.1-0.2,2,0.139511,0.095076,11,X,18,0,0,0,0,203412,110,0,592,202710
Hackett,0.1-0.2,2,0.139511,0.095076,11,X,24,1,0,0,0,203412,97,7,553,202755
Hackett,0.1-0.2,2,0.139511,0.095076,11,X,20,2,0,0,0,203412,91,20,476,202825
Hackett,0.1-0.2,2,0.139511,0.095076,11,X,18,3,0,0,0,203412,114,0,565,202733
Hackett,0.1-0.2,2,0.139511,0.095076,11,X,18,4,0,0,0,203412,93,9,553,202757
Hackett,0.1-0.2,2,0.154212,0.117071,5,X,20,0,0,0,0,90125,29,25,228,89843
Hackett,0.1-0.2,2,0.154212,0.117071,5,X,17,1,0,0,0,90125,19,81,144,89881
Hackett,0.1-0.2,2,0.154212,0.117071,5,X,23,2,0,0,0,90125,12,44,182,89887
Hackett,0.1-0.2,2,0.154212,0.117071,5,X,18,3,0,0,0,90125,39,2,229,89855
Hackett,0.1-0.2,2,0.154212,0.117071,5,X,14,4,0,0,0,90125,28,29,241,89827
Hackett,0.1-0.2,2,0.19418,0.148384,10,X,20,0,32,0,0,177334,83,12,449,176822
Hackett,0.1-0.2,2,0.19418,0.148384,10,X,17,1,32,0,0,177334,72,40,512,176742
Hackett,0.1-0.2,2,0.19418,0.148384,10,X,19,2,32,0,0,177334,89,20,498,176759
Hackett,0.1-0.2,2,0.19418,0.148384,10,X,18,3,32,0,0,177334,74,66,410,176816
Hackett,0.1-0.2,2,0.19418,0.148384,10,X,23,4,32,0,0,177334,106,50,478,176732
Hackett,0.1-0.2,3,0.100489,0.087396,10,X,19,0,0,0,0,184899,74,36,416,184373
Hackett,0.1-0.2,3,0.100489,0.087396,10,X,17,1,0,0,0,184899,91,10,454,184344
Hackett,0.1-0.2,3,0.100489,0.087396,10,X,17,2,0,0,0,184899,85,29,488,184297
Hackett,0.1-0.2,3,0.100489,0.087396,10,X,18,3,0,0,0,184899,77,8,470,184344
Hackett,0.1-0.2,3,0.100489,0.087396,10,X,19,4,0,0,0,184899,75,17,439,184368
Hackett,0.1-0.2,3,0.138064,0.087872,8,X,20,0,0,0,0,152113,54,10,416,151633
Hackett,0.1-0.2,3,0.138064,0.087872,8,X,23,1,0,0,0,152113,55,8,406,151644
Hackett,0.1-0.2,3,0.138064,0.087872,8,X,20,2,0,0,0,152113,65,1,479,151568
Hackett,0.1-0.2,3,0.138064,0.087872,8,X,19,3,0,0,0,152113,59,12,399,151643
Hackett,0.1-0.2,3,0.138064,0.087872,8,X,19,4,0,0,0,152113,61,10,362,151680
Hackett,0.1-0.2,3,0.154212,0.120437,4,X,17,0,0,0,0,71285,17,56,168,71044
Hackett,0.1-0.2,3,0.154212,0.120437,4,X,20,1,0,0,0,71285,15,73,137,71060
Hackett,0.1-0.2,3,0.154212,0.120437,4,X,20,2,0,0,0,71285,26,18,185,71056
Hackett,0.1-0.2,3,0.154212,0.120437,4,X,20,3,0,0,0,71285,8,31,194,71052
Hackett,0.1-0.2,3,0.154212,0.120437,4,X,19,4,0,0,0,71285,15,5,216,71049
Hackett,0.1-0.2,3,0.189274,0.146736,8,X,22,0,63,0,0,139174,72,0,435,138730
Hackett,0.1-0.2,3,0.189274,0.146736,8,X,17,1,63,0,0,139174,57,11,343,138826
Hackett,0.1-0.2,3,0.189274,0.146736,8,X,22,2,63,0,0,139174,31,13,379,138814
Hackett,0.1-0.2,3,0.189274,0.146736,8,X,21,3,63,0,0,139174,70,36,342,138789
Hackett,0.1-0.2,3,0.189274,0.146736,8,X,21,4,63,0,0,139174,56,20,405,138756
Hackett,0.1-0.2,4,0.117827,0.089047,10,X,18,0,39,0,0,196277,79,24,437,195776
Hackett,0.1-0.2,4,0.117827,0.089047,10,X,21,1,39,0,0,196277,98,17,391,195810
Hackett,0.1-0.2,4,0.117827,0.089047,10,X,21,2,39,0,0,196277,122,11,486,195697
Hackett,0.1-0.2,4,0.117827,0.089047,10,X,21,3,39,0,0,196277,99,4,484,195729
Hackett,0.1-0.2,4,0.117827,0.089047,10,X,20,4,39,0,0,196277,91,0,483,195742
Hackett,0.1-0.2,4,0.130939,0.107683,7,X,20,0,0,0,0,127187,43,33,313,126798
Hackett,0.1-0.2,4,0.130939,0.107683,7,X,20,1,0,0,0,127187,47,11,285,126844
Hackett,0.1-0.2,4,0.130939,0.107683,7,X,20,2,0,0,0,127187,26,55,266,126840
Hackett,0.1-0.2,4,0.130939,0.107683,7,X,21,3,0,0,0,127187,43,40,283,126821
Hackett,0.1-0.2,4,0.130939,0.107683,7,X,19,4,0,0,0,127187,72,57,312,126746
Hackett,0.1-0.2,4,0.152576,0.12915,4,X,17,0,0,0,0,71913,27,53,170,71663
Hackett,0.1-0.2,4,0.152576,0.12915,4,X,16,1,0,0,0,71913,26,24,167,71696
Hackett,0.1-0.2,4,0.152576,0.12915,4,X,20,2,0,0,0,71913,13,46,155,71699
Hackett,0.1-0.2,4,0.152576,0.12915,4,X,21,3,0,0,0,71913,13,65,158,71677
Hackett,0.1-0.2,4,0.152576,0.12915,4,X,18,4,0,0,0,71913,23,28,145,71717
Hackett,0.1-0.2,4,0.181588,0.137535,7,X,21,0,0,0,0,127845,52,6,323,127464
Hackett,0.1-0.2,4,0.181588,0.137535,7,X,17,1,0,0,0,127845,24,161,195,127465
Hackett,0.1-0.2,4,0.181588,0.137535,7,X,19,2,0,0,0,127845,42,11,365,127427
Hackett,0.1-0.2,4,0.181588,0.137535,7,X,19,3,0,0,0,127845,48,0,356,127441
Hackett,0.1-0.2,4,0.181588,0.137535,7,X,22,4,0,0,0,127845,71,0,367,127407
Hackett,0.1-0.2,5,0.100489,0.086545,9,X,16,0,0,0,0,166112,69,20,436,165587
Hackett,0.1-0.2,5,0.100489,0.086545,9,X,18,1,0,0,0,166112,72,4,468,165568
Hackett,0.1-0.2,5,0.100489,0.086545,9,X,21,2,0,0,0,166112,93,0,457,165562
Hackett,0.1-0.2,5,0.100489,0.086545,9,X,20,3,0,0,0,166112,72,24,406,165610
Hackett,0.1-0.2,5,0.100489,0.086545,9,X,20,4,0,0,0,166112,83,20,455,165554
Hackett,0.1-0.2,5,0.127911,0.087468,5,X,19,0,251,0,0,97842,400,52,197,97444
Hackett,0.1-0.2,5,0.127911,0.087468,5,X,21,1,251,0,0,97842,385,106,170,97432
Hackett,0.1-0.2,5,0.127911,0.087468,5,X,17,2,251,0,0,97842,386,107,105,97495
Hackett,0.1-0.2,5,0.127911,0.087468,5,X,18,3,251,0,0,97842,386,41,174,97492
Hackett,0.1-0.2,5,0.127911,0.087468,5,X,20,4,251,0,0,97842,404,0,248,97441
Hackett,0.1-0.2,5,0.160093,0.160093,2,X,20,0,0,0,0,37524,0,93,0,37431
Hackett,0.1-0.2,5,0.160093,0.160093,2,X,20,1,0,0,0,37524,0,100,0,37424
Hackett,0.1-0.2,5,0.160093,0.160093,2,X,19,2,0,0,0,37524,0,90,0,37434
Hackett,0.1-0.2,5,0.160093,0.160093,2,X,21,3,0,0,0,37524,0,112,0,37412
Hackett,0.1-0.2,5,0.160093,0.160093,2,X,17,4,0,0,0,37524,0,111,0,37413
Hackett,0.1-0.2,5,0.192175,0.156202,7,X,22,0,662,0,0,123775,685,65,292,123395
Hackett,0.1-0.2,5,0.192175,0.156202,7,X,21,1,662,0,0,123775,806,6,345,123280
Hackett,0.1-0.2,5,0.192175,0.156202,7,X,21,2,662,0,0,123775,798,2,354,123283
Hackett,0.1-0.2,5,0.192175,0.156202,7,X,23,3,662,0,0,123775,771,14,385,123267
Hackett,0.1-0.2,5,0.192175,0.156202,7,X,20,4,662,0,0,123775,786,0,387,123264
Hackett,0.1-0.2,6,0.100242,0.084402,8,X,17,0,0,0,0,146868,73,28,393,146374
Hackett,0.1-0.2,6,0.100242,0.084402,8,X,20,1,0,0,0,146868,67,11,368,146422
Hackett,0.1-0.2,6,0.100242,0.084402,8,X,19,2,0,0,0,146868,72,12,423,146361
Hackett,0.1-0.2,6,0.100242,0.084402,8,X,20,3,0,0,0,146868,84,12,412,146360
Hackett,0.1-0.2,6,0.100242,0.084402,8,X,19,4,0,0,0,146868,82,7,366,146413
Hackett,0.1-0.2,6,0.135158,0.12098,4,X,19,0,0,0,0,65055,21,26,212,64796
Hackett,0.1-0.2,6,0.135158,0.12098,4,X,21,1,0,0,0,65055,34,16,185,64820
Hackett,0.1-0.2,6,0.135158,0.12098,4,X,21,2,0,0,0,65055,15,96,88,64856
Hackett,0.1-0.2,6,0.135158,0.12098,4,X,19,3,0,0,0,65055,21,21,163,64850
Hackett,0.1-0.2,6,0.135158,0.12098,4,X,14,4,0,0,0,65055,17,76,110,64852
Hackett,0.1-0.2,6,0.183779,0.139261,6,X,21,0,32,0,0,102677,84,0,303,102322
Hackett,0.1-0.2,6,0.183779,0.139261,6,X,17,1,32,0,0,102677,99,0,311,102299
Hackett,0.1-0.2,6,0.183779,0.139261,6,X,20,2,32,0,0,102677,88,8,309,102304
Hackett,0.1-0.2,6,0.183779,0.139261,6,X,21,3,32,0,0,102677,79,2,300,102328
Hackett,0.1-0.2,6,0.183779,0.139261,6,X,19,4,32,0,0,102677,45,47,227,102390
Hackett,0.1-0.2,7,0.100242,0.08226,7,X,17,0,0,0,0,127970,63,10,339,127558
Hackett,0.1-0.2,7,0.100242,0.08226,7,X,19,1,0,0,0,127970,65,15,354,127536
Hackett,0.1-0.2,7,0.100242,0.08226,7,X,21,2,0,0,0,127970,59,0,296,127615
Hackett,0.1-0.2,7,0.100242,0.08226,7,X,21,3,0,0,0,127970,49,51,270,127600
Hackett,0.1-0.2,7,0.100242,0.08226,7,X,19,4,0,0,0,127970,47,13,382,127528
Hackett,0.1-0.2,7,0.131243,0.11347,4,X,20,0,0,0,0,64707,37,1,203,64466
Hackett,0.1-0.2,7,0.131243,0.11347,4,X,23,1,0,0,0,64707,30,41,153,64483
Hackett,0.1-0.2,7,0.131243,0.11347,4,X,21,2,0,0,0,64707,27,32,178,64470
Hackett,0.1-0.2,7,0.131243,0.11347,4,X,17,3,0,0,0,64707,19,32,144,64512
Hackett,0.1-0.2,7,0.131243,0.11347,4,X,23,4,0,0,0,64707,16,20,142,64529
Hackett,0.1-0.2,7,0.192175,0.153676,6,X,20,0,663,0,0,106364,483,4,290,106250
Hackett,0.1-0.2,7,0.192175,0.153676,6,X,19,1,663,0,0,106364,768,8,287,105964
Hackett,0.1-0.2,7,0.192175,0.153676,6,X,23,2,663,0,0,106364,452,33,293,106249
Hackett,0.1-0.2,7,0.192175,0.153676,6,X,18,3,663,0,0,106364,774,6,243,106004
Hackett,0.1-0.2,7,0.192175,0.153676,6,X,18,4,663,0,0,106364,771,0,307,105949
Hackett,0.1-0.2,8,0.122,0.075268,7,X,19,0,0,0,0,131994,46,27,261,131660
Hackett,0.1-0.2,8,0.122,0.075268,7,X,19,1,0,0,0,131994,52,23,353,131566
Hackett,0.1-0.2,8,0.122,0.075268,7,X,17,2,0,0,0,131994,48,56,278,131612
Hackett,0.1-0.2,8,0.122,0.075268,7,X,18,3,0,0,0,131994,59,13,331,131591
Hackett,0.1-0.2,8,0.122,0.075268,7,X,17,4,0,0,0,131994,62,0,342,131590
Hackett,0.1-0.2,8,0.13438,0.13438,2,X,15,0,0,0,0,33176,0,98,0,33078
Hackett,0.1-0.2,8,0.13438,0.13438,2,X,18,1,0,0,0,33176,0,105,0,33071
Hackett,0.1-0.2,8,0.13438,0.13438,2,X,23,2,0,0,0,33176,0,107,0,33069
Hackett,0.1-0.2,8,0.13438,0.13438,2,X,20,3,0,0,0,33176,0,84,0,33092
Hackett,0.1-0.2,8,0.13438,0.13438,2,X,21,4,0,0,0,33176,0,99,0,33077
Hackett,0.1-0.2,8,0.178131,0.127618,5,X,21,0,26,0,0,83425,83,58,178,83132
Hackett,0.1-0.2,8,0.178131,0.127618,5,X,21,1,26,0,0,83425,91,9,261,83090
Hackett,0.1-0.2,8,0.178131,0.127618,5,X,21,2,26,0,0,83425,87,15,240,83109
Hackett,0.1-0.2,8,0.178131,0.127618,5,X,18,3,26,0,0,83425,76,63,134,83178
Hackett,0.1-0.2,8,0.178131,0.127618,5,X,20,4,26,0,0,83425,68,26,220,83137
Hackett,0.1-0.2,9,0.105679,0.084422,6,X,18,0,0,0,0,118348,63,0,324,117961
Hackett,0.1-0.2,9,0.105679,0.084422,6,X,18,1,0,0,0,118348,58,6,314,117970
Hackett,0.1-0.2,9,0.105679,0.084422,6,X,19,2,0,0,0,118348,47,12,277,118012
Hackett,0.1-0.2,9,0.105679,0.084422,6,X,18,3,0,0,0,118348,49,6,317,117976
Hackett,0.1-0.2,9,0.105679,0.084422,6,X,21,4,0,0,0,118348,35,17,251,118045
Hackett,0.1-0.2,9,0.138163,0.138163,2,X,20,0,0,0,0,37256,0,95,0,37161
Hackett,0.1-0.2,9,0.138163,0.138163,2,X,22,1,0,0,0,37256,0,109,0,37147
Hackett,0.1-0.2,9,0.138163,0.138163,2,X,20,2,0,0,0,37256,0,102,0,37154
Hackett,0.1-0.2,9,0.138163,0.138163,2,X,16,3,0,0,0,37256,0,145,0,37111
Hackett,0.1-0.2,9,0.138163,0.138163,2,X,19,4,0,0,0,37256,0,109,0,37147
Hackett,0.1-0.2,9,0.178452,0.145138,4,X,23,0,304,0,0,72797,364,0,220,72517
Hackett,0.1-0.2,9,0.178452,0.145138,4,X,16,1,304,0,0,72797,373,0,144,72584
Hackett,0.1-0.2,9,0.178452,0.145138,4,X,21,2,304,0,0,72797,288,49,152,72612
Hackett,0.1-0.2,9,0.178452,0.145138,4,X,19,3,304,0,0,72797,382,0,177,72542
Hackett,0.1-0.2,9,0.178452,0.145138,4,X,23,4,304,0,0,72797,359,72,152,72518
Hackett,0.2-0.3,0,0.210354,0.152289,24,X,20,0,34,0,0,433679,173,110,1046,432384
Hackett,0.2-0.3,0,0.210354,0.152289,24,X,23,1,34,0,0,433679,153,102,1055,432403
Hackett,0.2-0.3,0,0.210354,0.152289,24,X,20,2,34,0,0,433679,184,64,1143,432322
Hackett,0.2-0.3,0,0.210354,0.152289,24,X,19,3,34,0,0,433679,175,69,1061,432408
Hackett,0.2-0.3,0,0.210354,0.152289,24,X,15,4,34,0,0,433679,217,24,1116,432356
Hackett,0.2-0.3,0,0.24826,0.133997,29,X,17,0,1121,0,0,546844,1067,107,1336,545455
Hackett,0.2-0.3,0,0.24826,0.133997,29,X,18,1,1121,0,0,546844,1053,79,1327,545506
Hackett,0.2-0.3,0,0.24826,0.133997,29,X,22,2,1121,0,0,546844,1178,153,1261,545373
Hackett,0.2-0.3,0,0.24826,0.133997,29,X,21,3,1121,0,0,546844,1004,125,1336,545500
Hackett,0.2-0.3,0,0.24826,0.133997,29,X,16,4,1121,0,0,546844,1042,90,1414,545419
Hackett,0.2-0.3,0,0.261951,0.131788,12,X,19,0,174,0,0,215752,109,67,493,215257
Hackett,0.2-0.3,0,0.261951,0.131788,12,X,18,1,174,0,0,215752,75,87,508,215256
Hackett,0.2-0.3,0,0.261951,0.131788,12,X,20,2,174,0,0,215752,142,18,581,215185
Hackett,0.2-0.3,0,0.261951,0.131788,12,X,20,3,174,0,0,215752,207,20,595,215104
Hackett,0.2-0.3,0,0.261951,0.131788,12,X,15,4,174,0,0,215752,218,11,578,215119
Hackett,0.2-0.3,0,0.279992,0.189043,46,X,22,0,1869,0,0,855764,731,215,1975,854712
Hackett,0.2-0.3,0,0.279992,0.189043,46,X,22,1,1869,0,0,855764,1044,393,1867,854329
Hackett,0.2-0.3,0,0.279992,0.189043,46,X,20,2,1869,0,0,855764,791,283,2041,854518
Hackett,0.2-0.3,0,0.279992,0.189043,46,X,20,3,1869,0,0,855764,875,292,2017,854449
Hackett,0.2-0.3,0,0.279992,0.189043,46,X,18,4,1869,0,0,855764,567,290,2135,854641
Hackett,0.2-0.3,1,0.210354,0.1497,23,X,19,0,32,0,0,418955,159,181,970,417677
Hackett,0.2-0.3,1,0.210354,0.1497,23,X,20,1,32,0,0,418955,154,59,1038,417736
Hackett,0.2-0.3,1,0.210354,0.1497,23,X,21,2,32,0,0,418955,197,74,1115,417601
Hackett,0.2-0.3,1,0.210354,0.1497,23,X,17,3,32,0,0,418955,180,76,1028,417703
Hackett,0.2-0.3,1,0.210354,0.1497,23,X,19,4,32,0,0,418955,176,67,1100,417644
Hackett,0.2-0.3,1,0.24826,0.132516,27,X,20,0,1243,0,0,508107,1139,54,1449,506708
Hackett,0.2-0.3,1,0.24826,0.132516,27,X,20,1,1243,0,0,508107,1069,166,1233,506882
Hackett,0.2-0.3,1,0.24826,0.132516,27,X,16,2,1243,0,0,508107,1324,71,1231,506724
Hackett,0.2-0.3,1,0.24826,0.132516,27,X,20,3,1243,0,0,508107,1193,146,1203,506808
Hackett,0.2-0.3,1,0.24826,0.132516,27,X,21,4,1243,0,0,508107,1284,78,1140,506848
Hackett,0.2-0.3,1,0.261951,0.141405,8,X,20,0,0,0,0,137289,75,48,421,136745
Hackett,0.2-0.3,1,0.261951,0.141405,8,X,19,1,0,0,0,137289,111,5,339,136834
Hackett,0.2-0.3,1,0.261951,0.141405,8,X,19,2,0,0,0,137289,64,34,316,136875
Hackett,0.2-0.3,1,0.261951,0.141405,8,X,18,3,0,0,0,137289,94,7,404,136784
Hackett,0.2-0.3,1,0.261951,0.141405,8,X,19,4,0,0,0,137289,79,13,424,136773
Hackett,0.2-0.3,1,0.279992,0.192586,42,X,23,0,1903,0,0,777738,611,219,1891,776920
Hackett,0.2-0.3,1,0.279992,0.192586,42,X,20,1,1903,0,0,777738,552,209,1927,776953
Hackett,0.2-0.3,1,0.279992,0.192586,42,X,18,2,1903,0,0,777738,732,235,1766,776908
Hackett,0.2-0.3,1,0.279992,0.192586,42,X,19,3,1903,0,0,777738,1277,258,1735,776371
Hackett,0.2-0.3,1,0.279992,0.192586,42,X,18,4,1903,0,0,777738,795,280,1804,776762
Hackett,0.2-0.3,2,0.201619,0.147005,11,X,21,0,0,0,0,204817,149,33,529,204106
Hackett,0.2-0.3,2,0.201619,0.147005,11,X,20,1,0,0,0,204817,120,23,511,204163
Hackett,0.2-0.3,2,0.201619,0.147005,11,X,20,2,0,0,0,204817,130,61,424,204202
Hackett,0.2-0.3,2,0.201619,0.147005,11,X,17,3,0,0,0,204817,114,20,572,204111
Hackett,0.2-0.3,2,0.201619,0.147005,11,X,21,4,0,0,0,204817,140,9,577,204091
Hackett,0.2-0.3,2,0.225844,0.150677,15,X,19,0,69,0,0,270853,172,44,680,270026
Hackett,0.2-0.3,2,0.225844,0.150677,15,X,20,1,69,0,0,270853,186,25,750,269961
Hackett,0.2-0.3,2,0.225844,0.150677,15,X,17,2,69,0,0,270853,149,34,659,270080
Hackett,0.2-0.3,2,0.225844,0.150677,15,X,21,3,69,0,0,270853,189,3,788,269942
Hackett,0.2-0.3,2,0.225844,0.150677,15,X,18,4,69,0,0,270853,147,17,706,270052
Hackett,0.2-0.3,2,0.265914,0.220603,4,X,20,0,0,0,0,63526,20,111,123,63272
Hackett,0.2-0.3,2,0.265914,0.220603,4,X,22,1,0,0,0,63526,51,116,80,63279
Hackett,0.2-0.3,2,0.265914,0.220603,4,X,16,2,0,0,0,63526,41,115,74,63296
Hackett,0.2-0.3,2,0.265914,0.220603,4,X,18,3,0,0,0,63526,22,16,213,63275
Hackett,0.2-0.3,2,0.265914,0.220603,4,X,19,4,0,0,0,63526,60,51,146,63269
Hackett,0.2-0.3,2,0.279992,0.193723,38,X,19,0,1840,0,0,699724,986,289,1481,698808
Hackett,0.2-0.3,2,0.279992,0.193723,38,X,22,1,1840,0,0,699724,830,275,1559,698900
Hackett,0.2-0.3,2,0.279992,0.193723,38,X,20,2,1840,0,0,699724,800,331,1504,698929
Hackett,0.2-0.3,2,0.279992,0.193723,38,X,20,3,1840,0,0,699724,1185,384,1487,698508
Hackett,0.2-0.3,2,0.279992,0.193723,38,X,21,4,1840,0,0,699724,1064,184,1756,698560
Hackett,0.2-0.3,3,0.216548,0.15069,9,X,19,0,0,0,0,156680,48,38,330,156264
Hackett,0.2-0.3,3,0.216548,0.15069,9,X,20,1,0,0,0,156680,116,0,435,156129
Hackett,0.2-0.3,3,0.216548,0.15069,9,X,21,2,0,0,0,156680,85,25,363,156207
Hackett,0.2-0.3,3,0.216548,0.15069,9,X,22,3,0,0,0,156680,55,21,335,156269
Hackett,0.2-0.3,3,0.216548,0.15069,9,X,16,4,0,0,0,156680,65,19,408,156188
Hackett,0.2-0.3,3,0.230389,0.123082,9,X,21,0,139,0,0,169619,114,0,464,169180
Hackett,0.2-0.3,3,0.230389,0.123082,9,X,18,1,139,0,0,169619,45,22,405,169286
Hackett,0.2-0.3,3,0.230389,0.123082,9,X,23,2,139,0,0,169619,63,10,438,169247
Hackett,0.2-0.3,3,0.230389,0.123082,9,X,20,3,139,0,0,169619,201,83,363,169111
Hackett,0.2-0.3,3,0.230389,0.123082,9,X,17,4,139,0,0,169619,86,56,379,169237
Hackett,0.2-0.3,3,0.279992,0.19348,33,X,22,0,1087,0,0,602384,716,74,1537,601144
Hackett,0.2-0.3,3,0.279992,0.19348,33,X,19,1,1087,0,0,602384,884,96,1495,600996
Hackett,0.2-0.3,3,0.279992,0.19348,33,X,21,2,1087,0,0,602384,348,163,1438,601522
Hackett,0.2-0.3,3,0.279992,0.19348,33,X,22,3,1087,0,0,602384,797,124,1407,601143
Hackett,0.2-0.3,3,0.279992,0.19348,33,X,19,4,1087,0,0,602384,662,59,1592,601158
Hackett,0.2-0.3,4,0.201619,0.144246,9,X,19,0,121,0,0,164873,154,19,397,164424
Hackett,0.2-0.3,4,0.201619,0.144246,9,X,17,1,121,0,0,164873,128,15,454,164397
Hackett,0.2-0.3,4,0.201619,0.144246,9,X,21,2,121,0,0,164873,127,0,483,164384
Hackett,0.2-0.3,4,0.201619,0.144246,9,X,16,3,121,0,0,164873,104,49,404,164437
Hackett,0.2-0.3,4,0.201619,0.144246,9,X,21,4,121,0,0,164873,95,57,374,164468
Hackett,0.2-0.3,4,0.23304,0.164816,8,X,18,0,0,0,0,147254,52,43,350,146809
Hackett,0.2-0.3,4,0.23304,0.164816,8,X,18,1,0,0,0,147254,86,23,326,146819
Hackett,0.2-0.3,4,0.23304,0.164816,8,X,18,2,0,0,0,147254,85,17,368,146784
Hackett,0.2-0.3,4,0.23304,0.164816,8,X,19,3,0,0,0,147254,67,25,409,146753
Hackett,0.2-0.3,4,0.23304,0.164816,8,X,19,4,0,0,0,147254,64,13,374,146803
Hackett,0.2-0.3,4,0.278057,0.178463,16,X,25,0,107,0,0,299260,157,67,668,298475
Hackett,0.2-0.3,4,0.278057,0.178463,16,X,20,1,107,0,0,299260,122,64,673,298508
Hackett,0.2-0.3,4,0.278057,0.178463,16,X,22,2,107,0,0,299260,153,32,760,298422
Hackett,0.2-0.3,4,0.278057,0.178463,16,X,18,3,107,0,0,299260,162,109,705,298391
Hackett,0.2-0.3,4,0.278057,0.178463,16,X,20,4,107,0,0,299260,126,29,797,298415
Hackett,0.2-0.3,5,0.216548,0.149112,8,X,18,0,0,0,0,138603,81,0,405,138117
Hackett,0.2-0.3,5,0.216548,0.149112,8,X,16,1,0,0,0,138603,66,15,352,138170
Hackett,0.2-0.3,5,0.216548,0.149112,8,X,15,2,0,0,0,138603,40,44,338,138181
Hackett,0.2-0.3,5,0.216548,0.149112,8,X,19,3,0,0,0,138603,78,29,329,138167
Hackett,0.2-0.3,5,0.216548,0.149112,8,X,21,4,0,0,0,138603,109,63,352,138079
Hackett,0.2-0.3,5,0.248331,0.180297,6,X,20,0,0,0,0,102231,62,21,283,101865
Hackett,0.2-0.3,5,0.248331,0.180297,6,X,19,1,0,0,0,102231,65,49,256,101861
Hackett,0.2-0.3,5,0.248331,0.180297,6,X,19,2,0,0,0,102231,78,18,255,101880
Hackett,0.2-0.3,5,0.248331,0.180297,6,X,20,3,0,0,0,102231,69,18,213,101931
Hackett,0.2-0.3,5,0.248331,0.180297,6,X,19,4,0,0,0,102231,62,43,259,101867
Hackett,0.2-0.3,6,0.201619,0.123449,7,X,22,0,100,0,0,125067,110,7,333,124717
Hackett,0.2-0.3,6,0.201619,0.123449,7,X,19,1,100,0,0,125067,156,7,373,124631
Hackett,0.2-0.3,6,0.201619,0.123449,7,X,20,2,100,0,0,125067,51,14,278,124824
Hackett,0.2-0.3,6,0.201619,0.123449,7,X,20,3,100,0,0,125067,65,67,278,124757
Hackett,0.2-0.3,6,0.201619,0.123449,7,X,20,4,100,0,0,125067,90,7,339,124731
Hackett,0.2-0.3,6,0.23021,0.172948,6,X,24,0,0,0,0,103048,104,0,315,102629
Hackett,0.2-0.3,6,0.23021,0.172948,6,X,22,1,0,0,0,103048,61,41,266,102680
Hackett,0.2-0.3,6,0.23021,0.172948,6,X,23,2,0,0,0,103048,80,37,225,102706
Hackett,0.2-0.3,6,0.23021,0.172948,6,X,18,3,0,0,0,103048,53,77,226,102692
Hackett,0.2-0.3,6,0.23021,0.172948,6,X,20,4,0,0,0,103048,71,24,260,102693
Hackett,0.2-0.3,7,0.20675,0.141132,6,X,18,0,0,0,0,109014,84,0,291,108639
Hackett,0.2-0.3,7,0.20675,0.141132,6,X,20,1,0,0,0,109014,45,4,287,108678
Hackett,0.2-0.3,7,0.20675,0.141132,6,X,19,2,0,0,0,109014,85,10,294,108625
Hackett,0.2-0.3,7,0.20675,0.141132,6,X,18,3,0,0,0,109014,44,32,246,108692
Hackett,0.2-0.3,7,0.20675,0.141132,6,X,21,4,0,0,0,109014,49,10,322,108633
Hackett,0.2-0.3,8,0.209859,0.167889,5,X,23,0,0,0,0,89192,77,10,258,88847
Hackett,0.2-0.3,8,0.209859,0.167889,5,X,21,1,0,0,0,89192,52,74,182,88884
Hackett,0.2-0.3,8,0.209859,0.167889,5,X,20,2,0,0,0,89192,37,10,230,88915
Hackett,0.2-0.3,8,0.209859,0.167889,5,X,18,3,0,0,0,89192,62,0,224,88906
Hackett,0.2-0.3,8,0.209859,0.167889,5,X,19,4,0,0,0,89192,51,15,212,88914
Hackett,0.2-0.3,9,0.200708,0.147279,3,X,18,0,0,0,0,45969,14,28,154,45773
Hackett,0.2-0.3,9,0.200708,0.147279,3,X,23,1,0,0,0,45969,16,93,37,45823
Hackett,0.2-0.3,9,0.200708,0.147279,3,X,19,2,0,0,0,45969,2,97,32,45838
Hackett,0.2-0.3,9,0.200708,0.147279,3,X,21,3,0,0,0,45969,2,76,36,45855
Hackett,0.2-0.3,9,0.200708,0.147279,3,X,20,4,0,0,0,45969,20,77,90,45782
Hackett,0.3-0.4,0,0.301303,0.146888,36,X,18,0,1029,0,0,674781,1153,187,1562,672908
Hackett,0.3-0.4,0,0.301303,0.146888,36,X,20,1,1029,0,0,674781,1054,129,1699,672928
Hackett,0.3-0.4,0,0.301303,0.146888,36,X,19,2,1029,0,0,674781,1200,68,1645,672897
Hackett,0.3-0.4,0,0.301303,0.146888,36,X,24,3,1029,0,0,674781,1082,115,1669,672944
Hackett,0.3-0.4,0,0.301303,0.146888,36,X,15,4,1029,0,0,674781,1122,95,1798,672795
Hackett,0.3-0.4,0,0.331968,0.222426,19,X,16,0,232,0,0,325293,243,111,819,324352
Hackett,0.3-0.4,0,0.331968,0.222426,19,X,20,1,232,0,0,325293,347,32,896,324250
Hackett,0.3-0.4,0,0.331968,0.222426,19,X,16,2,232,0,0,325293,247,99,846,324333
Hackett,0.3-0.4,0,0.331968,0.222426,19,X,20,3,232,0,0,325293,322,95,875,324233
Hackett,0.3-0.4,0,0.331968,0.222426,19,X,21,4,232,0,0,325293,399,57,860,324209
Hackett,0.3-0.4,0,0.350685,0.211023,67,X,20,0,1905,0,0,1220750,1360,418,2807,1218070
Hackett,0.3-0.4,0,0.350685,0.211023,67,X,18,1,1905,0,0,1220750,881,304,2930,1218540
Hackett,0.3-0.4,0,0.350685,0.211023,67,X,20,2,1905,0,0,1220750,523,626,2794,1218712
Hackett,0.3-0.4,0,0.350685,0.211023,67,X,21,3,1905,0,0,1220750,1579,536,2724,1217816
Hackett,0.3-0.4,0,0.350685,0.211023,67,X,23,4,1905,0,0,1220750,1322,644,2557,1218132
Hackett,0.3-0.4,0,0.380015,0.206186,106,X,21,0,2179,0,0,1932465,1288,1274,4009,1928073
Hackett,0.3-0.4,0,0.380015,0.206186,106,X,18,1,2179,0,0,1932465,1040,938,4267,1928399
Hackett,0.3-0.4,0,0.380015,0.206186,106,X,15,2,2179,0,0,1932465,1302,981,4301,1928060
Hackett,0.3-0.4,0,0.380015,0.206186,106,X,19,3,2179,0,0,1932465,759,1226,3947,1928712
Hackett,0.3-0.4,0,0.380015,0.206186,106,X,17,4,2179,0,0,1932465,1184,1171,4104,1928185
Hackett,0.3-0.4,1,0.300215,0.205734,12,X,18,0,71,0,0,205208,300,22,581,204376
Hackett,0.3-0.4,1,0.300215,0.205734,12,X,21,1,71,0,0,205208,289,30,581,204379
Hackett,0.3-0.4,1,0.300215,0.205734,12,X,18,2,71,0,0,205208,262,20,551,204446
Hackett,0.3-0.4,1,0.300215,0.205734,12,X,18,3,71,0,0,205208,197,0,572,204510
Hackett,0.3-0.4,1,0.300215,0.205734,12,X,19,4,71,0,0,205208,270,42,540,204427
Hackett,0.3-0.4,1,0.331968,0.226291,18,X,22,0,232,0,0,305423,335,40,798,304482
Hackett,0.3-0.4,1,0.331968,0.226291,18,X,16,1,232,0,0,305423,393,8,937,304317
Hackett,0.3-0.4,1,0.331968,0.226291,18,X,18,2,232,0,0,305423,322,51,873,304409
Hackett,0.3-0.4,1,0.331968,0.226291,18,X,18,3,232,0,0,305423,450,25,919,304261
Hackett,0.3-0.4,1,0.331968,0.226291,18,X,19,4,232,0,0,305423,256,60,807,304532
Hackett,0.3-0.4,1,0.350685,0.214872,65,X,19,0,1841,0,0,1181317,1777,514,2771,1178096
Hackett,0.3-0.4,1,0.350685,0.214872,65,X,20,1,1841,0,0,1181317,1058,504,2615,1178981
Hackett,0.3-0.4,1,0.350685,0.214872,65,X,16,2,1841,0,0,1181317,1777,361,2659,1178361
Hackett,0.3-0.4,1,0.350685,0.214872,65,X,17,3,1841,0,0,1181317,1457,403,2695,1178603
Hackett,0.3-0.4,1,0.350685,0.214872,65,X,19,4,1841,0,0,1181317,1167,346,2828,1178817
Hackett,0.3-0.4,1,0.380015,0.206303,95,X,19,0,2235,0,0,1727592,1814,735,3963,1723315
Hackett,0.3-0.4,1,0.380015,0.206303,95,X,19,1,2235,0,0,1727592,1189,864,3900,1723874
Hackett,0.3-0.4,1,0.380015,0.206303,95,X,20,2,2235,0,0,1727592,752,1023,3434,1724618
Hackett,0.3-0.4,1,0.380015,0.206303,95,X,21,3,2235,0,0,1727592,1815,924,3917,1723171
Hackett,0.3-0.4,1,0.380015,0.206303,95,X,17,4,2235,0,0,1727592,1424,858,3877,1723668
Hackett,0.3-0.4,2,0.331968,0.228499,16,X,14,0,241,0,0,268564,339,35,754,267677
Hackett,0.3-0.4,2,0.331968,0.228499,16,X,20,1,241,0,0,268564,405,30,791,267579
Hackett,0.3-0.4,2,0.331968,0.228499,16,X,21,2,241,0,0,268564,426,66,724,267589
Hackett,0.3-0.4,2,0.331968,0.228499,16,X,24,3,241,0,0,268564,289,128,651,267737
Hackett,0.3-0.4,2,0.331968,0.228499,16,X,18,4,241,0,0,268564,385,44,751,267625
Hackett,0.3-0.4,2,0.380015,0.206702,94,X,20,0,2235,0,0,1707268,1813,956,3735,1702999
Hackett,0.3-0.4,2,0.380015,0.206702,94,X,22,1,2235,0,0,1707268,947,1015,3628,1703913
Hackett,0.3-0.4,2,0.380015,0.206702,94,X,20,2,2235,0,0,1707268,1341,699,3826,1703637
Hackett,0.3-0.4,2,0.380015,0.206702,94,X,19,3,2235,0,0,1707268,1384,767,3862,1703490
Hackett,0.3-0.4,2,0.380015,0.206702,94,X,20,4,2235,0,0,1707268,677,685,4119,1704022
Hackett,0.3-0.4,3,0.380015,0.208766,79,X,17,0,2176,0,0,1436405,1299,640,3251,1433391
Hackett,0.3-0.4,3,0.380015,0.208766,79,X,18,1,2176,0,0,1436405,1210,682,3237,1433452
Hackett,0.3-0.4,3,0.380015,0.208766,79,X,18,2,2176,0,0,1436405,881,723,3179,1433798
Hackett,0.3-0.4,3,0.380015,0.208766,79,X,19,3,2176,0,0,1436405,1758,607,3228,1432988
Hackett,0.3-0.4,3,0.380015,0.208766,79,X,20,4,2176,0,0,1436405,1199,911,3045,1433426
Hackett,0.5-0.6,0,0.527674,0.24947,11,X,19,0,27,0,0,165104,96,27,526,164482
Hackett,0.5-0.6,0,0.527674,0.24947,11,X,21,1,27,0,0,165104,74,17,501,164539
Hackett,0.5-0.6,0,0.527674,0.24947,11,X,21,2,27,0,0,165104,70,33,532,164496
Hackett,0.5-0.6,0,0.527674,0.24947,11,X,20,3,27,0,0,165104,77,33,490,164531
Hackett,0.5-0.6,0,0.527674,0.24947,11,X,21,4,27,0,0,165104,73,30,485,164543
Hackett,0.5-0.6,0,0.590737,0.234096,171,X,18,0,3025,0,0,3111030,1752,2388,6360,3103555
Hackett,0.5-0.6,0,0.590737,0.234096,171,X,21,1,3025,0,0,3111030,1932,2590,5787,3103746
Hackett,0.5-0.6,0,0.590737,0.234096,171,X,18,2,3025,0,0,3111030,1836,2138,6382,3103699
Hackett,0.5-0.6,0,0.590737,0.234096,171,X,22,3,3025,0,0,3111030,2050,2078,6460,3103467
Hackett,0.5-0.6,0,0.590737,0.234096,171,X,20,4,3025,0,0,3111030,1667,2372,6132,3103884
Hackett,0.5-0.6,1,0.590737,0.250989,133,X,21,0,2417,0,0,2396725,1421,1546,4895,2391280
Hackett,0.5-0.6,1,0.590737,0.250989,133,X,21,1,2417,0,0,2396725,1830,1475,5247,2390590
Hackett,0.5-0.6,1,0.590737,0.250989,133,X,24,2,2417,0,0,2396725,1517,1548,4991,2391086
Hackett,0.5-0.6,1,0.590737,0.250989,133,X,20,3,2417,0,0,2396725,2109,1702,5018,2390313
Hackett,0.5-0.6,1,0.590737,0.250989,133,X,21,4,2417,0,0,2396725,1407,1762,4981,2390992
Hackett,0.5-0.6,2,0.575478,0.291051,27,X,19,0,229,0,0,464269,261,132,1308,462797
Hackett,0.5-0.6,2,0.575478,0.291051,27,X,20,1,229,0,0,464269,154,99,1235,463010
Hackett,0.5-0.6,2,0.575478,0.291051,27,X,18,2,229,0,0,464269,327,54,1258,462859
Hackett,0.5-0.6,2,0.575478,0.291051,27,X,18,3,229,0,0,464269,369,187,1204,462738
Hackett,0.5-0.6,2,0.575478,0.291051,27,X,19,4,229,0,0,464269,214,80,1278,462926
Hackett,0-0.1,0,0.01991,0.01991,2,X,17,0,25,0,0,151510,100,0,402,151033
Hackett,0-0.1,0,0.01991,0.01991,2,X,19,1,25,0,0,151510,53,15,424,151043
Hackett,0-0.1,0,0.01991,0.01991,2,X,16,2,25,0,0,151510,91,62,364,151018
Hackett,0-0.1,0,0.01991,0.01991,2,X,21,3,25,0,0,151510,89,30,394,151022
Hackett,0-0.1,0,0.01991,0.01991,2,X,18,4,25,0,0,151510,86,1,383,151065
Hackett,0-0.1,0,0.043928,0.043928,2,X,18,0,0,0,0,38240,0,106,0,38134
Hackett,0-0.1,0,0.043928,0.043928,2,X,20,1,0,0,0,38240,0,95,0,38145
Hackett,0-0.1,0,0.043928,0.043928,2,X,22,2,0,0,0,38240,0,109,0,38131
Hackett,0-0.1,0,0.043928,0.043928,2,X,19,3,0,0,0,38240,0,122,0,38118
Hackett,0-0.1,0,0.043928,0.043928,2,X,21,4,0,0,0,38240,0,105,0,38135
Hackett,0-0.1,0,0.078763,0.060913,6,X,21,0,0,0,0,113024,49,81,221,112673
Hackett,0-0.1,0,0.078763,0.060913,6,X,22,1,0,0,0,113024,83,1,286,112654
Hackett,0-0.1,0,0.078763,0.060913,6,X,21,2,0,0,0,113024,76,0,240,112708
Hackett,0-0.1,0,0.078763,0.060913,6,X,17,3,0,0,0,113024,87,0,291,112646
Hackett,0-0.1,0,0.078763,0.060913,6,X,22,4,0,0,0,113024,73,28,325,112598
Hackett,0-0.1,1,0.013152,0.013152,2,X,19,0,0,0,0,39497,0,88,0,39409
Hackett,0-0.1,1,0.013152,0.013152,2,X,20,1,0,0,0,39497,0,83,0,39414
Hackett,0-0.1,1,0.013152,0.013152,2,X,19,2,0,0,0,39497,0,114,0,39383
Hackett,0-0.1,1,0.013152,0.013152,2,X,21,3,0,0,0,39497,0,127,0,39370
Hackett,0-0.1,1,0.013152,0.013152,2,X,20,4,0,0,0,39497,0,93,0,39404
Hackett,0-0.1,1,0.040995,0.040995,2,X,20,0,0,0,0,36887,0,124,0,36763
Hackett,0-0.1,1,0.040995,0.040995,2,X,18,1,0,0,0,36887,0,88,0,36799
Hackett,0-0.1,1,0.040995,0.040995,2,X,19,2,0,0,0,36887,0,102,0,36785
Hackett,0-0.1,1,0.040995,0.040995,2,X,20,3,0,0,0,36887,0,100,0,36787
Hackett,0-0.1,1,0.040995,0.040995,2,X,24,4,0,0,0,36887,0,90,0,36797
Hackett,0-0.1,1,0.079816,0.064403,5,X,20,0,24,0,0,86200,44,15,258,85907
Hackett,0-0.1,1,0.079816,0.064403,5,X,21,1,24,0,0,86200,36,7,256,85925
Hackett,0-0.1,1,0.079816,0.064403,5,X,23,2,24,0,0,86200,29,10,219,85966
Hackett,0-0.1,1,0.079816,0.064403,5,X,20,3,24,0,0,86200,70,2,226,85926
Hackett,0-0.1,1,0.079816,0.064403,5,X,23,4,24,0,0,86200,49,12,187,85976
Hackett,0-0.1,2,0.004359,0.004359,2,X,17,0,0,0,0,39103,0,118,0,38985
Hackett,0-0.1,2,0.004359,0.004359,2,X,19,1,0,0,0,39103,0,100,0,39003
Hackett,0-0.1,2,0.004359,0.004359,2,X,17,2,0,0,0,39103,0,83,0,39020
Hackett,0-0.1,2,0.004359,0.004359,2,X,19,3,0,0,0,39103,0,119,0,38984
Hackett,0-0.1,2,0.004359,0.004359,2,X,20,4,0,0,0,39103,0,115,0,38988
Hackett,0-0.1,2,0.031523,0.031523,2,X,21,0,0,0,0,36952,0,111,0,36841
Hackett,0-0.1,2,0.031523,0.031523,2,X,19,1,0,0,0,36952,0,106,0,36846
Hackett,0-0.1,2,0.031523,0.031523,2,X,19,2,0,0,0,36952,0,130,0,36822
Hackett,0-0.1,2,0.031523,0.031523,2,X,21,3,0,0,0,36952,0,99,0,36853
Hackett,0-0.1,2,0.031523,0.031523,2,X,18,4,0,0,0,36952,0,81,0,36871
Hackett,0-0.1,2,0.090193,0.072619,4,X,18,0,0,0,0,77992,21,0,154,77817
Hackett,0-0.1,2,0.090193,0.072619,4,X,18,1,0,0,0,77992,24,25,135,77808
Hackett,0-0.1,2,0.090193,0.072619,4,X,24,2,0,0,0,77992,21,77,135,77759
Hackett,0-0.1,2,0.090193,0.072619,4,X,19,3,0,0,0,77992,36,2,223,77731
Hackett,0-0.1,2,0.090193,0.072619,4,X,17,4,0,0,0,77992,5,15,198,77774
Hackett,0-0.1,3,0.044247,0.044247,2,X,21,0,0,0,0,40072,0,104,0,39968
Hackett,0-0.1,3,0.044247,0.044247,2,X,21,1,0,0,0,40072,0,94,0,39978
Hackett,0-0.1,3,0.044247,0.044247,2,X,19,2,0,0,0,40072,0,99,0,39973
Hackett,0-0.1,3,0.044247,0.044247,2,X,21,3,0,0,0,40072,0,93,0,39979
Hackett,0-0.1,3,0.044247,0.044247,2,X,17,4,0,0,0,40072,0,80,0,39992
Hackett,0-0.1,3,0.086607,0.072441,4,X,20,0,0,0,0,77968,32,16,200,77720
Hackett,0-0.1,3,0.086607,0.072441,4,X,18,1,0,0,0,77968,18,20,163,77767
Hackett,0-0.1,3,0.086607,0.072441,4,X,19,2,0,0,0,77968,18,27,163,77760
Hackett,0-0.1,3,0.086607,0.072441,4,X,17,3,0,0,0,77968,24,6,175,77763
Hackett,0-0.1,3,0.086607,0.072441,4,X,22,4,0,0,0,77968,33,0,196,77739
Hackett,0-0.1,4,0.047719,0.047719,2,X,20,0,0,0,0,36477,0,106,0,36371
Hackett,0-0.1,4,0.047719,0.047719,2,X,21,1,0,0,0,36477,0,102,0,36375
Hackett,0-0.1,4,0.047719,0.047719,2,X,19,2,0,0,0,36477,0,104,0,36373
Hackett,0-0.1,4,0.047719,0.047719,2,X,24,3,0,0,0,36477,0,83,0,36394
Hackett,0-0.1,4,0.047719,0.047719,2,X,20,4,0,0,0,36477,0,114,0,36363
Hackett,0-0.1,4,0.083417,0.066722,4,X,19,0,0,0,0,78637,25,7,187,78418
Hackett,0-0.1,4,0.083417,0.066722,4,X,17,1,0,0,0,78637,26,22,170,78419
Hackett,0-0.1,4,0.083417,0.066722,4,X,20,2,0,0,0,78637,33,51,162,78391
Hackett,0-0.1,4,0.083417,0.066722,4,X,18,3,0,0,0,78637,29,0,207,78401
Hackett,0-0.1,4,0.083417,0.066722,4,X,22,4,0,0,0,78637,36,0,200,78401
Hackett,0-0.1,5,0.048213,0.048213,2,X,20,0,0,0,0,37724,0,77,0,37647
Hackett,0-0.1,5,0.048213,0.048213,2,X,18,1,0,0,0,37724,0,89,0,37635
Hackett,0-0.1,5,0.048213,0.048213,2,X,19,2,0,0,0,37724,0,85,0,37639
Hackett,0-0.1,5,0.048213,0.048213,2,X,19,3,0,0,0,37724,0,91,0,37633
Hackett,0-0.1,5,0.048213,0.048213,2,X,19,4,0,0,0,37724,0,79,0,37645
Hackett,0-0.1,5,0.092028,0.067358,4,X,18,0,319,0,0,78242,469,7,176,77909
Hackett,0-0.1,5,0.092028,0.067358,4,X,17,1,319,0,0,78242,470,52,156,77883
Hackett,0-0.1,5,0.092028,0.067358,4,X,19,2,319,0,0,78242,456,63,95,77947
Hackett,0-0.1,5,0.092028,0.067358,4,X,22,3,319,0,0,78242,474,4,213,77870
Hackett,0-0.1,5,0.092028,0.067358,4,X,21,4,319,0,0,78242,466,21,184,77890
Hackett,0-0.1,6,0.033156,0.033156,2,X,19,0,0,0,0,37340,0,89,0,37251
Hackett,0-0.1,6,0.033156,0.033156,2,X,18,1,0,0,0,37340,0,111,0,37229
Hackett,0-0.1,6,0.033156,0.033156,2,X,16,2,0,0,0,37340,0,118,0,37222
Hackett,0-0.1,6,0.033156,0.033156,2,X,17,3,0,0,0,37340,0,80,0,37260
Hackett,0-0.1,6,0.033156,0.033156,2,X,19,4,0,0,0,37340,0,101,0,37239
Hackett,0-0.1,6,0.079578,0.072918,3,X,21,0,0,0,0,57886,24,9,153,57700
Hackett,0-0.1,6,0.079578,0.072918,3,X,21,1,0,0,0,57886,24,6,149,57707
Hackett,0-0.1,6,0.079578,0.072918,3,X,22,2,0,0,0,57886,22,36,99,57729
Hackett,0-0.1,6,0.079578,0.072918,3,X,20,3,0,0,0,57886,36,0,167,57683
Hackett,0-0.1,6,0.079578,0.072918,3,X,22,4,0,0,0,57886,33,0,147,57706
Hackett,0-0.1,7,0.036812,0.036812,2,X,17,0,0,0,0,39820,0,143,0,39677
Hackett,0-0.1,7,0.036812,0.036812,2,X,17,1,0,0,0,39820,0,85,0,39735
Hackett,0-0.1,7,0.036812,0.036812,2,X,17,2,0,0,0,39820,0,121,0,39699
Hackett,0-0.1,7,0.036812,0.036812,2,X,18,3,0,0,0,39820,0,99,0,39721
Hackett,0-0.1,7,0.036812,0.036812,2,X,23,4,0,0,0,39820,0,116,0,39704
Hackett,0-0.1,7,0.090854,0.073564,3,X,18,0,0,0,0,60462,26,0,167,60269
Hackett,0-0.1,7,0.090854,0.073564,3,X,19,1,0,0,0,60462,22,0,130,60310
Hackett,0-0.1,7,0.090854,0.073564,3,X,21,2,0,0,0,60462,11,6,112,60333
Hackett,0-0.1,7,0.090854,0.073564,3,X,20,3,0,0,0,60462,34,0,168,60260
Hackett,0-0.1,7,0.090854,0.073564,3,X,18,4,0,0,0,60462,25,0,137,60300
Hackett,0-0.1,8,0.047971,0.047971,2,X,18,0,0,0,0,38257,0,97,0,38160
Hackett,0-0.1,8,0.047971,0.047971,2,X,18,1,0,0,0,38257,0,116,0,38141
Hackett,0-0.1,8,0.047971,0.047971,2,X,20,2,0,0,0,38257,0,90,0,38167
Hackett,0-0.1,8,0.047971,0.047971,2,X,20,3,0,0,0,38257,0,97,0,38160
Hackett,0-0.1,8,0.047971,0.047971,2,X,19,4,0,0,0,38257,0,88,0,38169
Hackett,0-0.1,8,0.094032,0.077331,3,X,19,0,0,0,0,55932,36,7,137,55752
Hackett,0-0.1,8,0.094032,0.077331,3,X,21,1,0,0,0,55932,4,92,70,55766
Hackett,0-0.1,8,0.094032,0.077331,3,X,20,2,0,0,0,55932,27,0,156,55749
Hackett,0-0.1,8,0.094032,0.077331,3,X,18,3,0,0,0,55932,27,5,148,55752
Hackett,0-0.1,8,0.094032,0.077331,3,X,19,4,0,0,0,55932,18,2,165,55747
Hackett,0-0.1,9,0.039381,0.039381,2,X,19,0,0,0,0,35287,0,114,0,35173
Hackett,0-0.1,9,0.039381,0.039381,2,X,20,1,0,0,0,35287,0,80,0,35207
Hackett,0-0.1,9,0.039381,0.039381,2,X,17,2,0,0,0,35287,0,110,0,35177
Hackett,0-0.1,9,0.039381,0.039381,2,X,22,3,0,0,0,35287,0,85,0,35202
Hackett,0-0.1,9,0.039381,0.039381,2,X,19,4,0,0,0,35287,0,92,0,35195
Hackett,0-0.1,9,0.07566,0.064861,3,X,18,0,0,0,0,56542,11,61,83,56387
Hackett,0-0.1,9,0.07566,0.064861,3,X,21,1,0,0,0,56542,34,0,144,56364
Hackett,0-0.1,9,0.07566,0.064861,3,X,20,2,0,0,0,56542,20,11,114,56397
Hackett,0-0.1,9,0.07566,0.064861,3,X,20,3,0,0,0,56542,25,59,94,56364
Hackett,0-0.1,9,0.07566,0.064861,3,X,16,4,0,0,0,56542,8,36,87,56411
