HackettGenes,ALD,0,0.75251,0,161,8,20,0,361.0000,327.5302,29.0000,0.2776,367.0000,353.7570,20.0000,0.1375
HackettGenes,ALD,0,0.75251,0,161,8,20,1,314.0000,277.5428,20.0000,0.2539,337.0000,317.6948,20.0000,0.1549
HackettGenes,ALD,0,0.75251,0,161,8,20,2,418.0000,366.2950,32.0000,0.3009,449.0000,424.5303,23.0000,0.1531
HackettGenes,ALD,0,0.75251,0,161,8,20,3,412.0000,365.9645,24.0000,0.2664,312.0000,298.1208,15.0000,0.1323
HackettGenes,ALD,0,0.75251,0,161,8,20,4,435.0000,393.3294,27.0000,0.5434,371.0000,333.4666,16.0000,0.1598
HackettGenes,BDNF,0,0.3974599,0,171,8,20,0,598.0000,494.5847,68.0000,0.7688,832.0000,646.1053,58.0000,0.3082
HackettGenes,BDNF,0,0.3974599,0,171,8,20,1,774.0000,589.2504,56.0000,0.7436,747.0000,643.9177,63.0000,0.3107
HackettGenes,BDNF,0,0.3974599,0,171,8,20,2,799.0000,588.8175,70.0000,0.8218,364.0000,338.8540,42.0000,0.1762
HackettGenes,BDNF,0,0.3974599,0,171,8,20,3,487.0000,479.2515,59.0000,0.7909,814.0000,657.7264,68.0000,0.2994
HackettGenes,BDNF,0,0.3974599,0,171,8,20,4,870.0000,634.4982,72.0000,0.8221,465.0000,420.0857,44.0000,0.1919
HackettGenes,CHC,0,0.80535,0,169,8,20,0,312.0000,313.0783,32.0000,0.3786,216.0000,266.7771,21.0000,0.1457
HackettGenes,CHC,0,0.80535,0,169,8,20,1,254.0000,249.5716,32.0000,0.3628,212.0000,247.6530,22.0000,0.1104
HackettGenes,CHC,0,0.80535,0,169,8,20,2,223.0000,207.1473,16.0000,0.2605,219.0000,259.1255,21.0000,0.1348
HackettGenes,CHC,0,0.80535,0,169,8,20,3,108.0000,150.3862,16.0000,0.2845,245.0000,256.8657,18.0000,0.1358
HackettGenes,CHC,0,0.80535,0,169,8,20,4,421.0000,388.0541,26.0000,0.3176,305.0000,306.1536,27.0000,0.1626
HackettGenes,CMYC,0,0.50485,0,168,8,20,0,182.0000,196.9975,14.0000,0.3485,358.0000,312.0833,27.0000,0.1811
HackettGenes,CMYC,0,0.50485,0,168,8,20,1,375.0000,373.5599,36.0000,0.4598,123.0000,159.6715,22.0000,0.1757
HackettGenes,CMYC,0,0.50485,0,168,8,20,2,382.0000,313.7642,37.0000,0.4243,445.0000,371.6652,39.0000,0.2104
HackettGenes,CMYC,0,0.50485,0,168,8,20,3,266.0000,226.9449,28.0000,0.3921,180.0000,210.7131,16.0000,0.1090
HackettGenes,CMYC,0,0.50485,0,168,8,20,4,375.0000,322.5570,33.0000,0.4224,375.0000,328.6381,30.0000,0.2205
HackettGenes,DCOH,0,0.98849,0,165,8,20,0,324.0000,319.4495,35.0000,0.5962,221.0000,232.1982,22.0000,0.2235
HackettGenes,DCOH,0,0.98849,0,165,8,20,1,256.0000,287.6873,31.0000,0.5701,366.0000,296.4726,35.0000,0.3530
HackettGenes,DCOH,0,0.98849,0,165,8,20,2,307.0000,229.5343,29.0000,0.5303,454.0000,368.5512,31.0000,0.3660
HackettGenes,DCOH,0,0.98849,0,165,8,20,3,542.0000,446.8132,43.0000,3.1377,591.0000,513.4121,33.0000,1.7534
HackettGenes,DCOH,0,0.98849,0,165,8,20,4,283.0000,281.5670,41.0000,0.5969,417.0000,401.8084,41.0000,0.3510
HackettGenes,EEF,0,1.0915,0,166,8,20,0,615.0000,495.0000,33.0000,0.4780,586.0000,479.2119,26.0000,0.2919
HackettGenes,EEF,0,1.0915,0,166,8,20,1,291.0000,330.9517,25.0000,0.4937,512.0000,422.6157,29.0000,0.3814
HackettGenes,EEF,0,1.0915,0,166,8,20,2,472.0000,412.1359,31.0000,0.5162,332.0000,329.9030,22.0000,0.3304
HackettGenes,EEF,0,1.0915,0,166,8,20,3,262.0000,265.0660,27.0000,0.4892,583.0000,457.0088,27.0000,0.3194
HackettGenes,EEF,0,1.0915,0,166,8,20,4,558.0000,460.1043,34.0000,0.6240,487.0000,455.4437,33.0000,0.4305
HackettGenes,EGR1,0,0.30016,0,169,8,20,0,539.0000,442.8250,56.0000,0.5361,435.0000,398.0854,32.0000,0.1209
HackettGenes,EGR1,0,0.30016,0,169,8,20,1,789.0000,627.6528,53.0000,0.4680,476.0000,446.4012,29.0000,0.1414
HackettGenes,EGR1,0,0.30016,0,169,8,20,2,547.0000,420.9275,53.0000,0.4371,474.0000,411.7621,41.0000,0.1691
HackettGenes,EGR1,0,0.30016,0,169,8,20,3,721.0000,577.0771,58.0000,0.5690,444.0000,391.0422,27.0000,0.0964
HackettGenes,EGR1,0,0.30016,0,169,8,20,4,635.0000,456.4625,45.0000,0.3740,592.0000,464.5622,32.0000,0.1309
HackettGenes,FIB,0,0.78427,0,169,8,20,0,342.0000,310.5350,29.0000,0.3067,389.0000,342.9402,33.0000,0.2070
HackettGenes,FIB,0,0.78427,0,169,8,20,1,322.0000,297.6374,33.0000,0.3031,319.0000,289.8241,27.0000,0.1942
HackettGenes,FIB,0,0.78427,0,169,8,20,2,380.0000,334.0210,28.0000,0.2487,336.0000,303.2392,33.0000,0.2195
HackettGenes,FIB,0,0.78427,0,169,8,20,3,340.0000,292.0582,28.0000,0.2908,433.0000,407.9387,36.0000,0.2124
HackettGenes,FIB,0,0.78427,0,169,8,20,4,341.0000,352.3038,31.0000,0.3256,410.0000,361.0402,38.0000,0.2343
HackettGenes,HMG,0,0.96817,0,72,8,20,0,204.0000,145.4098,27.0000,0.3264,151.0000,120.0458,22.0000,0.2594
HackettGenes,HMG,0,0.96817,0,72,8,20,1,181.0000,146.7890,27.0000,0.3811,189.0000,149.5694,32.0000,0.3971
HackettGenes,HMG,0,0.96817,0,72,8,20,2,235.0000,162.4284,37.0000,1.3169,235.0000,167.9613,34.0000,0.7610
HackettGenes,HMG,0,0.96817,0,72,8,20,3,217.0000,156.6621,26.0000,0.3328,220.0000,164.8029,28.0000,0.3170
HackettGenes,HMG,0,0.96817,0,72,8,20,4,241.0000,192.2680,30.0000,1.4633,242.0000,185.3969,33.0000,0.6033
HackettGenes,IRF2,0,0.8015,0,164,8,20,0,348.0000,292.5611,37.0000,0.7341,441.0000,417.0552,35.0000,0.2880
HackettGenes,IRF2,0,0.8015,0,164,8,20,1,428.0000,375.6914,38.0000,0.7456,318.0000,299.7666,29.0000,0.2410
HackettGenes,IRF2,0,0.8015,0,164,8,20,2,647.0000,518.7321,50.0000,0.8210,361.0000,309.3138,32.0000,0.2095
HackettGenes,IRF2,0,0.8015,0,164,8,20,3,468.0000,408.5878,43.0000,0.7864,418.0000,427.9813,36.0000,0.2722
HackettGenes,IRF2,0,0.8015,0,164,8,20,4,601.0000,488.7689,50.0000,0.8388,316.0000,309.1213,32.0000,0.2766
HackettGenes,MUSK,0,0.5888499,0,155,8,20,0,511.0000,434.2649,44.0000,0.7492,434.0000,382.4631,31.0000,0.2468
HackettGenes,MUSK,0,0.5888499,0,155,8,20,1,425.0000,340.8167,38.0000,0.6650,443.0000,394.6441,35.0000,0.3402
HackettGenes,MUSK,0,0.5888499,0,155,8,20,2,398.0000,344.8594,41.0000,0.7590,365.0000,356.7436,32.0000,0.3426
HackettGenes,MUSK,0,0.5888499,0,155,8,20,3,388.0000,325.0415,34.0000,0.7730,384.0000,316.6923,35.0000,0.2858
HackettGenes,MUSK,0,0.5888499,0,155,8,20,4,431.0000,363.3868,36.0000,0.7101,401.0000,336.6601,30.0000,0.2533
HackettGenes,MYO,0,0.4823099,0,163,8,20,0,375.0000,323.0480,28.0000,0.5829,567.0000,511.5154,34.0000,0.2137
HackettGenes,MYO,0,0.4823099,0,163,8,20,1,167.0000,238.4324,45.0000,0.8279,181.0000,213.9533,14.0000,0.0996
HackettGenes,MYO,0,0.4823099,0,163,8,20,2,416.0000,356.8025,41.0000,0.6316,471.0000,389.6922,29.0000,0.2120
HackettGenes,MYO,0,0.4823099,0,163,8,20,3,384.0000,348.9069,27.0000,0.6943,325.0000,323.9136,16.0000,0.1488
HackettGenes,MYO,0,0.4823099,0,163,8,20,4,472.0000,381.5731,40.0000,0.6317,414.0000,377.9947,20.0000,0.1393
HackettGenes,NGF,0,0.4679299,0,163,8,20,0,548.0000,521.8448,32.0000,0.6316,577.0000,522.4615,26.0000,0.3198
HackettGenes,NGF,0,0.4679299,0,163,8,20,1,580.0000,438.3286,50.0000,0.7574,530.0000,452.8951,38.0000,0.2992
HackettGenes,NGF,0,0.4679299,0,163,8,20,2,527.0000,419.2994,41.0000,0.6701,536.0000,432.5066,34.0000,0.3485
HackettGenes,NGF,0,0.4679299,0,163,8,20,3,565.0000,459.4540,43.0000,0.7458,684.0000,566.9250,33.0000,0.2659
HackettGenes,NGF,0,0.4679299,0,163,8,20,4,544.0000,438.5385,48.0000,0.7025,903.0000,641.4655,43.0000,0.3266
HackettGenes,NT3,0,0.32486,0,165,8,20,0,506.0000,440.0795,64.0000,0.8340,394.0000,363.3566,46.0000,0.2374
HackettGenes,NT3,0,0.32486,0,165,8,20,1,542.0000,434.5434,44.0000,0.6827,470.0000,471.3555,42.0000,0.2503
HackettGenes,NT3,0,0.32486,0,165,8,20,2,640.0000,598.2357,54.0000,0.7003,488.0000,529.5035,42.0000,0.2521
HackettGenes,NT3,0,0.32486,0,165,8,20,3,636.0000,567.8257,60.0000,0.7923,485.0000,433.0012,47.0000,0.2351
HackettGenes,NT3,0,0.32486,0,165,8,20,4,725.0000,644.7759,58.0000,0.8041,610.0000,524.0935,47.0000,0.2409
HackettGenes,RHOD,0,1.217590,0,161,8,20,0,366.0000,281.2366,43.0000,0.7150,328.0000,275.2199,33.0000,0.3666
HackettGenes,RHOD,0,1.217590,0,161,8,20,1,456.0000,345.7861,40.0000,0.7292,346.0000,247.7337,32.0000,0.3669
HackettGenes,RHOD,0,1.217590,0,161,8,20,2,458.0000,374.7906,44.0000,0.8948,275.0000,234.8787,27.0000,0.4666
HackettGenes,RHOD,0,1.217590,0,161,8,20,3,443.0000,351.6049,42.0000,0.7359,272.0000,242.0744,27.0000,0.4107
HackettGenes,RHOD,0,1.217590,0,161,8,20,4,386.0000,329.8909,33.0000,0.8118,494.0000,374.8786,45.0000,0.7393
HackettGenes,SOMA,0,0.69148,0,161,8,20,0,308.0000,300.3598,27.0000,0.4105,280.0000,279.7892,21.0000,0.1964
HackettGenes,SOMA,0,0.69148,0,161,8,20,1,192.0000,199.0528,21.0000,0.4549,233.0000,193.5407,25.0000,0.2604
HackettGenes,SOMA,0,0.69148,0,161,8,20,2,270.0000,261.6028,23.0000,0.4355,142.0000,159.7936,12.0000,0.1728
HackettGenes,SOMA,0,0.69148,0,161,8,20,3,205.0000,210.4471,20.0000,0.4169,283.0000,265.4958,20.0000,0.2109
HackettGenes,SOMA,0,0.69148,0,161,8,20,4,159.0000,199.4944,15.0000,0.3770,257.0000,219.9682,24.0000,0.2126
HackettGenes,TGF,0,0.6172799,0,169,8,20,0,584.0000,437.3328,47.0000,0.8840,496.0000,454.7461,37.0000,0.2591
HackettGenes,TGF,0,0.6172799,0,169,8,20,1,574.0000,542.7762,45.0000,0.8669,507.0000,458.4779,46.0000,0.2753
HackettGenes,TGF,0,0.6172799,0,169,8,20,2,650.0000,500.0360,49.0000,0.9008,648.0000,526.3953,40.0000,0.2109
HackettGenes,TGF,0,0.6172799,0,169,8,20,3,570.0000,438.9282,47.0000,0.9533,507.0000,402.3332,38.0000,0.2915
HackettGenes,TGF,0,0.6172799,0,169,8,20,4,668.0000,484.8361,53.0000,0.9717,455.0000,357.6507,44.0000,0.3812
HackettGenes,TROP,0,0.32438999,0,139,8,20,0,531.0000,387.6545,45.0000,0.8730,487.0000,365.8442,39.0000,0.3138
HackettGenes,TROP,0,0.32438999,0,139,8,20,1,562.0000,396.0480,57.0000,1.0277,475.0000,345.0565,34.0000,0.2370
HackettGenes,TROP,0,0.32438999,0,139,8,20,2,549.0000,390.3511,56.0000,0.9549,594.0000,438.7004,47.0000,0.4230
HackettGenes,TROP,0,0.32438999,0,139,8,20,3,602.0000,435.8578,47.0000,0.9088,495.0000,374.7559,42.0000,0.3547
HackettGenes,TROP,0,0.32438999,0,139,8,20,4,530.0000,393.9162,56.0000,0.9566,385.0000,271.4553,36.0000,0.2936
HackettGenes,aca,0,0.905210,0,153,8,20,0,304.0000,242.6685,21.0000,0.5377,278.0000,232.0388,27.0000,0.3715
HackettGenes,aca,0,0.905210,0,153,8,20,1,282.0000,248.9418,19.0000,0.5195,185.0000,197.0990,20.0000,0.3256
HackettGenes,aca,0,0.905210,0,153,8,20,2,448.0000,407.9338,23.0000,0.5494,348.0000,293.4621,24.0000,0.3299
HackettGenes,aca,0,0.905210,0,153,8,20,3,275.0000,264.2953,24.0000,0.5387,285.0000,260.0808,25.0000,0.3552
HackettGenes,aca,0,0.905210,0,153,8,20,4,292.0000,290.8952,23.0000,0.5373,341.0000,303.3941,20.0000,0.3149
HackettGenes,concatenation,0,0.73298,0,171,8,20,0,2.0000,18.3848,1.0000,0.0213,0.0000,0.0000,0.0000,0.0145
HackettGenes,concatenation,0,0.73298,0,171,8,20,1,34.0000,68.2495,1.0000,0.0253,0.0000,0.0000,0.0000,0.0172
HackettGenes,concatenation,0,0.73298,0,171,8,20,2,0.0000,0.0000,0.0000,0.0209,0.0000,0.0000,0.0000,0.0137
HackettGenes,concatenation,0,0.73298,0,171,8,20,3,0.0000,0.0000,0.0000,0.0194,0.0000,0.0000,0.0000,0.0192
HackettGenes,concatenation,0,0.73298,0,171,8,20,4,0.0000,0.0000,0.0000,0.0197,0.0000,0.0000,0.0000,0.0148
