1001 56 93846
1005 15 34796
1013 74 47831
1014 80 84204
1016 122 122636
1020 156 93795
1025 291 93523
1027 13 139577
1028 198 56667
1029 14 21168
1035 34 35747
1036 156 56993
1037 106 47904
1038 0 39377
1039 185 80636
1040 47 26609
1042 190 44194
1044 704 166649
1045 29 75258
1049 70 240711
1050 0 56666
1054 234 74911
1056 0 20655
1062 17 66300
1066 465 42810
1067 14 43518
1077 112 78394
1078 0 121797
1079 36 78937
1083 16 15352
1085 48 58173
1087 402 101216
1089 62 60895
1094 241 159605
1097 967 80164
1098 194 44017
12 0 21467
16 59 125661
20 102 63462
28 16 10116
30 137 51063
37 0 28779
44 208 37266
5 756 90383
51 0 53225
56 116 45526
62 0 27229
64 177 101334
74 0 11854
82 137 39924
84 12 61741
88 49 58461
89 249 38841
90 180 59659
93 17 33287
99 54 36325
