Error_Trees//small-10-aa-RV100-BBA0039_tree_diameter8.57740415_leaves807_errlen8_numseqdiv20_rep0_4097_0_0_298984_err.tree\t4332.0000 3569.8501 289.0000 15.1986\t3258.0000 2939.7313 280.0000 13.7405
Error_Trees//small-10-aa-RV100-BBA0039_tree_diameter8.57740415_leaves807_errlen8_numseqdiv20_rep10_4097_0_0_298984_err.tree\t3083.0000 2719.4327 275.0000 14.5347\t3095.0000 2932.3168 279.0000 13.8088
Error_Trees//small-10-aa-RV100-BBA0039_tree_diameter8.57740415_leaves807_errlen8_numseqdiv20_rep11_4097_0_0_298984_err.tree\t3305.0000 2801.3172 275.5000 16.9365\t2644.0000 2494.0217 272.5000 19.1148
Error_Trees//small-10-aa-RV100-BBA0039_tree_diameter8.57740415_leaves807_errlen8_numseqdiv20_rep12_4097_0_0_298984_err.tree\t3625.0000 2929.2982 264.0000 15.3753\t3426.0000 2926.2953 251.0000 12.3576
Error_Trees//small-10-aa-RV100-BBA0039_tree_diameter8.57740415_leaves807_errlen8_numseqdiv20_rep13_4097_0_0_298984_err.tree\t3608.0000 3307.7839 283.5000 17.7907\t3693.0000 3563.3234 272.5000 13.0247
Error_Trees//small-10-aa-RV100-BBA0039_tree_diameter8.57740415_leaves807_errlen8_numseqdiv20_rep14_4097_0_0_298984_err.tree\t3594.0000 2875.9155 295.0000 15.2385\t3255.0000 2845.7235 281.0000 12.8892
Error_Trees//small-10-aa-RV100-BBA0039_tree_diameter8.57740415_leaves807_errlen8_numseqdiv20_rep15_4097_0_0_298984_err.tree\t4348.0000 3783.1918 286.0000 14.8359\t3473.0000 3054.2538 301.0000 15.5877
Error_Trees//small-10-aa-RV100-BBA0039_tree_diameter8.57740415_leaves807_errlen8_numseqdiv20_rep16_4097_0_0_298984_err.tree\t2850.0000 2664.9263 289.0000 17.0735\t3721.0000 2797.0452 292.0000 15.9743
Error_Trees//small-10-aa-RV100-BBA0039_tree_diameter8.57740415_leaves807_errlen8_numseqdiv20_rep17_4097_0_0_298984_err.tree\t3580.0000 3084.2127 271.5000 15.3532\t2871.0000 2334.1337 236.5000 12.1203
Error_Trees//small-10-aa-RV100-BBA0039_tree_diameter8.57740415_leaves807_errlen8_numseqdiv20_rep18_4097_0_0_298984_err.tree\t3055.0000 2786.6614 258.0000 13.0295\t4192.0000 3757.2721 275.0000 12.5309
Error_Trees//small-10-aa-RV100-BBA0039_tree_diameter8.57740415_leaves807_errlen8_numseqdiv20_rep19_4097_0_0_298984_err.tree\t2820.0000 2508.1033 287.5000 14.5799\t3793.0000 3124.5137 278.5000 14.3076
Error_Trees//small-10-aa-RV100-BBA0039_tree_diameter8.57740415_leaves807_errlen8_numseqdiv20_rep1_4097_0_0_298984_err.tree\t3347.0000 3085.4620 285.0000 16.2440\t3149.0000 2812.8370 282.0000 18.4802
Error_Trees//small-10-aa-RV100-BBA0039_tree_diameter8.57740415_leaves807_errlen8_numseqdiv20_rep2_4097_0_0_298984_err.tree\t3987.0000 3478.2820 294.0000 17.6473\t3616.0000 3021.5311 288.0000 14.5067
Error_Trees//small-10-aa-RV100-BBA0039_tree_diameter8.57740415_leaves807_errlen8_numseqdiv20_rep3_4097_0_0_298984_err.tree\t3800.0000 3162.7611 271.0000 14.5139\t3569.0000 3277.3321 264.0000 11.6694
Error_Trees//small-10-aa-RV100-BBA0039_tree_diameter8.57740415_leaves807_errlen8_numseqdiv20_rep4_4097_0_0_298984_err.tree\t3045.0000 2629.8194 260.5000 13.4601\t3978.0000 3203.3470 281.5000 13.0526
Error_Trees//small-10-aa-RV100-BBA0039_tree_diameter8.57740415_leaves807_errlen8_numseqdiv20_rep5_4097_0_0_298984_err.tree\t2643.0000 2602.6706 273.0000 16.4517\t3966.0000 3329.1392 272.0000 14.8439
Error_Trees//small-10-aa-RV100-BBA0039_tree_diameter8.57740415_leaves807_errlen8_numseqdiv20_rep6_4097_0_0_298984_err.tree\t3805.0000 3371.3496 270.5000 13.8354\t3587.0000 3446.2330 273.5000 13.1516
Error_Trees//small-10-aa-RV100-BBA0039_tree_diameter8.57740415_leaves807_errlen8_numseqdiv20_rep7_4097_0_0_298984_err.tree\t3355.0000 3116.0324 270.5000 14.9717\t2921.0000 2572.6041 256.5000 13.0795
Error_Trees//small-10-aa-RV100-BBA0039_tree_diameter8.57740415_leaves807_errlen8_numseqdiv20_rep8_4097_0_0_298984_err.tree\t2910.0000 2676.1476 279.5000 18.9346\t2686.0000 2454.7366 275.5000 14.1540
Error_Trees//small-10-aa-RV100-BBA0039_tree_diameter8.57740415_leaves807_errlen8_numseqdiv20_rep9_4097_0_0_298984_err.tree\t2907.0000 2680.9539 293.5000 22.0650\t3107.0000 3288.9859 251.5000 12.2177
