small-10-aa-RV100-BBA0039,0.1-0.2,0,0.105121,0.034464,36,X,18,0,1,0,0,7248,417,185,1663,4984
small-10-aa-RV100-BBA0039,0.1-0.2,0,0.105121,0.034464,36,X,20,1,1,0,0,7248,395,180,1593,5081
small-10-aa-RV100-BBA0039,0.1-0.2,0,0.105121,0.034464,36,X,20,2,1,0,0,7248,411,71,1701,5066
small-10-aa-RV100-BBA0039,0.1-0.2,0,0.105121,0.034464,36,X,19,3,1,0,0,7248,426,118,1541,5164
small-10-aa-RV100-BBA0039,0.1-0.2,0,0.105121,0.034464,36,X,23,4,1,0,0,7248,399,204,1588,5058
small-10-aa-RV100-BBA0039,0.1-0.2,0,0.133956,0.018509,25,X,21,0,1,0,0,5040,313,52,1193,3483
small-10-aa-RV100-BBA0039,0.1-0.2,0,0.133956,0.018509,25,X,19,1,1,0,0,5040,267,92,1178,3504
small-10-aa-RV100-BBA0039,0.1-0.2,0,0.133956,0.018509,25,X,19,2,1,0,0,5040,280,59,1183,3519
small-10-aa-RV100-BBA0039,0.1-0.2,0,0.133956,0.018509,25,X,20,3,1,0,0,5040,276,135,1108,3522
small-10-aa-RV100-BBA0039,0.1-0.2,0,0.133956,0.018509,25,X,20,4,1,0,0,5040,275,130,1079,3557
small-10-aa-RV100-BBA0039,0.1-0.2,0,0.163683,0.018368,72,X,19,0,1,0,0,14495,859,341,3165,10131
small-10-aa-RV100-BBA0039,0.1-0.2,0,0.163683,0.018368,72,X,18,1,1,0,0,14495,898,314,3074,10210
small-10-aa-RV100-BBA0039,0.1-0.2,0,0.163683,0.018368,72,X,19,2,1,0,0,14495,824,351,3257,10064
small-10-aa-RV100-BBA0039,0.1-0.2,0,0.163683,0.018368,72,X,22,3,1,0,0,14495,888,300,3416,9892
small-10-aa-RV100-BBA0039,0.1-0.2,0,0.163683,0.018368,72,X,19,4,1,0,0,14495,877,331,3238,10050
small-10-aa-RV100-BBA0039,0.1-0.2,0,0.186931,0.031324,108,X,19,0,2,0,0,21743,1328,341,4841,15235
small-10-aa-RV100-BBA0039,0.1-0.2,0,0.186931,0.031324,108,X,19,1,2,0,0,21743,1395,399,4884,15067
small-10-aa-RV100-BBA0039,0.1-0.2,0,0.186931,0.031324,108,X,18,2,2,0,0,21743,1339,280,4964,15162
small-10-aa-RV100-BBA0039,0.1-0.2,0,0.186931,0.031324,108,X,22,3,2,0,0,21743,1366,495,4744,15140
small-10-aa-RV100-BBA0039,0.1-0.2,0,0.186931,0.031324,108,X,19,4,2,0,0,21743,1362,437,4882,15064
small-10-aa-RV100-BBA0039,0.1-0.2,1,0.105121,0.040814,27,X,19,0,1,0,0,5430,300,114,1173,3844
small-10-aa-RV100-BBA0039,0.1-0.2,1,0.105121,0.040814,27,X,21,1,1,0,0,5430,371,49,1417,3594
small-10-aa-RV100-BBA0039,0.1-0.2,1,0.105121,0.040814,27,X,20,2,1,0,0,5430,346,68,1335,3682
small-10-aa-RV100-BBA0039,0.1-0.2,1,0.105121,0.040814,27,X,21,3,1,0,0,5430,327,147,1174,3783
small-10-aa-RV100-BBA0039,0.1-0.2,1,0.105121,0.040814,27,X,18,4,1,0,0,5430,331,71,1227,3802
small-10-aa-RV100-BBA0039,0.1-0.2,1,0.133956,0.019219,24,X,22,0,1,0,0,4838,269,127,1009,3434
small-10-aa-RV100-BBA0039,0.1-0.2,1,0.133956,0.019219,24,X,20,1,1,0,0,4838,320,88,1138,3293
small-10-aa-RV100-BBA0039,0.1-0.2,1,0.133956,0.019219,24,X,22,2,1,0,0,4838,303,36,1089,3411
small-10-aa-RV100-BBA0039,0.1-0.2,1,0.133956,0.019219,24,X,21,3,1,0,0,4838,319,74,1213,3233
small-10-aa-RV100-BBA0039,0.1-0.2,1,0.133956,0.019219,24,X,12,4,1,0,0,4838,303,90,1139,3307
small-10-aa-RV100-BBA0039,0.1-0.2,1,0.163683,0.01845,71,X,23,0,1,0,0,14293,843,412,3102,9937
small-10-aa-RV100-BBA0039,0.1-0.2,1,0.163683,0.01845,71,X,14,1,1,0,0,14293,938,272,3172,9912
small-10-aa-RV100-BBA0039,0.1-0.2,1,0.163683,0.01845,71,X,17,2,1,0,0,14293,1006,208,3341,9739
small-10-aa-RV100-BBA0039,0.1-0.2,1,0.163683,0.01845,71,X,20,3,1,0,0,14293,915,254,3112,10013
small-10-aa-RV100-BBA0039,0.1-0.2,1,0.163683,0.01845,71,X,22,4,1,0,0,14293,953,232,3254,9855
small-10-aa-RV100-BBA0039,0.1-0.2,1,0.184625,0.066991,56,X,25,0,5,0,0,11307,641,184,2547,7940
small-10-aa-RV100-BBA0039,0.1-0.2,1,0.184625,0.066991,56,X,19,1,5,0,0,11307,637,358,2545,7772
small-10-aa-RV100-BBA0039,0.1-0.2,1,0.184625,0.066991,56,X,19,2,5,0,0,11307,758,264,2540,7750
small-10-aa-RV100-BBA0039,0.1-0.2,1,0.184625,0.066991,56,X,21,3,5,0,0,11307,675,230,2576,7831
small-10-aa-RV100-BBA0039,0.1-0.2,1,0.184625,0.066991,56,X,19,4,5,0,0,11307,647,257,2589,7819
small-10-aa-RV100-BBA0039,0.1-0.2,2,0.105121,0.041622,26,X,20,0,1,0,0,5228,263,51,1215,3700
small-10-aa-RV100-BBA0039,0.1-0.2,2,0.105121,0.041622,26,X,23,1,1,0,0,5228,265,106,1275,3583
small-10-aa-RV100-BBA0039,0.1-0.2,2,0.105121,0.041622,26,X,23,2,1,0,0,5228,349,87,1161,3632
small-10-aa-RV100-BBA0039,0.1-0.2,2,0.105121,0.041622,26,X,18,3,1,0,0,5228,330,41,1238,3620
small-10-aa-RV100-BBA0039,0.1-0.2,2,0.105121,0.041622,26,X,19,4,1,0,0,5228,325,81,1185,3638
small-10-aa-RV100-BBA0039,0.1-0.2,2,0.133956,0.019984,23,X,19,0,1,0,0,4636,335,53,1111,3138
small-10-aa-RV100-BBA0039,0.1-0.2,2,0.133956,0.019984,23,X,20,1,1,0,0,4636,265,54,1049,3269
small-10-aa-RV100-BBA0039,0.1-0.2,2,0.133956,0.019984,23,X,22,2,1,0,0,4636,237,175,1004,3221
small-10-aa-RV100-BBA0039,0.1-0.2,2,0.133956,0.019984,23,X,22,3,1,0,0,4636,258,78,1097,3204
small-10-aa-RV100-BBA0039,0.1-0.2,2,0.133956,0.019984,23,X,19,4,1,0,0,4636,268,100,1040,3229
small-10-aa-RV100-BBA0039,0.1-0.2,2,0.163683,0.01745,68,X,24,0,1,0,0,13687,719,264,2982,9723
small-10-aa-RV100-BBA0039,0.1-0.2,2,0.163683,0.01745,68,X,23,1,1,0,0,13687,837,347,2971,9533
small-10-aa-RV100-BBA0039,0.1-0.2,2,0.163683,0.01745,68,X,19,2,1,0,0,13687,878,210,3057,9543
small-10-aa-RV100-BBA0039,0.1-0.2,2,0.163683,0.01745,68,X,18,3,1,0,0,13687,879,226,3324,9259
small-10-aa-RV100-BBA0039,0.1-0.2,2,0.163683,0.01745,68,X,20,4,1,0,0,13687,862,246,3093,9487
small-10-aa-RV100-BBA0039,0.1-0.2,2,0.184625,0.066162,54,X,19,0,5,0,0,10903,629,124,2439,7716
small-10-aa-RV100-BBA0039,0.1-0.2,2,0.184625,0.066162,54,X,23,1,5,0,0,10903,670,213,2393,7632
small-10-aa-RV100-BBA0039,0.1-0.2,2,0.184625,0.066162,54,X,18,2,5,0,0,10903,603,199,2470,7636
small-10-aa-RV100-BBA0039,0.1-0.2,2,0.184625,0.066162,54,X,19,3,5,0,0,10903,694,242,2448,7524
small-10-aa-RV100-BBA0039,0.1-0.2,2,0.184625,0.066162,54,X,21,4,5,0,0,10903,645,137,2434,7692
small-10-aa-RV100-BBA0039,0.1-0.2,3,0.105121,0.041972,25,X,20,0,1,0,0,5026,277,92,1130,3528
small-10-aa-RV100-BBA0039,0.1-0.2,3,0.105121,0.041972,25,X,20,1,1,0,0,5026,313,43,1181,3490
small-10-aa-RV100-BBA0039,0.1-0.2,3,0.105121,0.041972,25,X,20,2,1,0,0,5026,296,45,1102,3584
small-10-aa-RV100-BBA0039,0.1-0.2,3,0.105121,0.041972,25,X,19,3,1,0,0,5026,205,157,979,3686
small-10-aa-RV100-BBA0039,0.1-0.2,3,0.105121,0.041972,25,X,20,4,1,0,0,5026,314,71,1218,3424
small-10-aa-RV100-BBA0039,0.1-0.2,3,0.133956,0.020811,22,X,23,0,1,0,0,4434,246,53,1022,3114
small-10-aa-RV100-BBA0039,0.1-0.2,3,0.133956,0.020811,22,X,18,1,1,0,0,4434,213,132,944,3146
small-10-aa-RV100-BBA0039,0.1-0.2,3,0.133956,0.020811,22,X,21,2,1,0,0,4434,289,38,1035,3073
small-10-aa-RV100-BBA0039,0.1-0.2,3,0.133956,0.020811,22,X,19,3,1,0,0,4434,291,58,1062,3024
small-10-aa-RV100-BBA0039,0.1-0.2,3,0.133956,0.020811,22,X,20,4,1,0,0,4434,279,59,1078,3019
small-10-aa-RV100-BBA0039,0.1-0.2,3,0.163683,0.017521,67,X,16,0,1,0,0,13485,873,202,2926,9485
small-10-aa-RV100-BBA0039,0.1-0.2,3,0.163683,0.017521,67,X,20,1,1,0,0,13485,813,337,3085,9251
small-10-aa-RV100-BBA0039,0.1-0.2,3,0.163683,0.017521,67,X,20,2,1,0,0,13485,782,301,3013,9390
small-10-aa-RV100-BBA0039,0.1-0.2,3,0.163683,0.017521,67,X,21,3,1,0,0,13485,918,173,3135,9260
small-10-aa-RV100-BBA0039,0.1-0.2,3,0.163683,0.017521,67,X,19,4,1,0,0,13485,750,352,2975,9409
small-10-aa-RV100-BBA0039,0.1-0.2,3,0.184625,0.06286,47,X,22,0,5,0,0,9489,538,169,2213,6574
small-10-aa-RV100-BBA0039,0.1-0.2,3,0.184625,0.06286,47,X,20,1,5,0,0,9489,550,281,2052,6611
small-10-aa-RV100-BBA0039,0.1-0.2,3,0.184625,0.06286,47,X,19,2,5,0,0,9489,583,170,2141,6600
small-10-aa-RV100-BBA0039,0.1-0.2,3,0.184625,0.06286,47,X,17,3,5,0,0,9489,575,141,2097,6681
small-10-aa-RV100-BBA0039,0.1-0.2,3,0.184625,0.06286,47,X,20,4,5,0,0,9489,643,143,2303,6405
small-10-aa-RV100-BBA0039,0.1-0.2,4,0.117359,0.017416,23,X,19,0,0,0,0,4646,298,63,1010,3275
small-10-aa-RV100-BBA0039,0.1-0.2,4,0.117359,0.017416,23,X,20,1,0,0,0,4646,297,61,1112,3176
small-10-aa-RV100-BBA0039,0.1-0.2,4,0.117359,0.017416,23,X,19,2,0,0,0,4646,265,77,1067,3237
small-10-aa-RV100-BBA0039,0.1-0.2,4,0.117359,0.017416,23,X,18,3,0,0,0,4646,292,63,1015,3276
small-10-aa-RV100-BBA0039,0.1-0.2,4,0.117359,0.017416,23,X,20,4,0,0,0,4646,223,85,1025,3313
small-10-aa-RV100-BBA0039,0.1-0.2,4,0.133956,0.021709,21,X,17,0,1,0,0,4232,255,34,982,2962
small-10-aa-RV100-BBA0039,0.1-0.2,4,0.133956,0.021709,21,X,20,1,1,0,0,4232,278,52,939,2964
small-10-aa-RV100-BBA0039,0.1-0.2,4,0.133956,0.021709,21,X,19,2,1,0,0,4232,251,58,976,2948
small-10-aa-RV100-BBA0039,0.1-0.2,4,0.133956,0.021709,21,X,23,3,1,0,0,4232,249,33,993,2958
small-10-aa-RV100-BBA0039,0.1-0.2,4,0.133956,0.021709,21,X,22,4,1,0,0,4232,248,52,1036,2897
small-10-aa-RV100-BBA0039,0.1-0.2,4,0.163683,0.017765,66,X,20,0,1,0,0,13283,750,399,3020,9115
small-10-aa-RV100-BBA0039,0.1-0.2,4,0.163683,0.017765,66,X,19,1,1,0,0,13283,828,342,2942,9172
small-10-aa-RV100-BBA0039,0.1-0.2,4,0.163683,0.017765,66,X,21,2,1,0,0,13283,773,350,2938,9223
small-10-aa-RV100-BBA0039,0.1-0.2,4,0.163683,0.017765,66,X,17,3,1,0,0,13283,829,178,3084,9193
small-10-aa-RV100-BBA0039,0.1-0.2,4,0.163683,0.017765,66,X,22,4,1,0,0,13283,750,193,3029,9312
small-10-aa-RV100-BBA0039,0.1-0.2,4,0.184625,0.062388,46,X,16,0,5,0,0,9287,560,164,2155,6413
small-10-aa-RV100-BBA0039,0.1-0.2,4,0.184625,0.062388,46,X,21,1,5,0,0,9287,546,135,2091,6520
small-10-aa-RV100-BBA0039,0.1-0.2,4,0.184625,0.062388,46,X,20,2,5,0,0,9287,550,118,2048,6576
small-10-aa-RV100-BBA0039,0.1-0.2,4,0.184625,0.062388,46,X,18,3,5,0,0,9287,587,198,2165,6342
small-10-aa-RV100-BBA0039,0.1-0.2,4,0.184625,0.062388,46,X,17,4,5,0,0,9287,516,157,2156,6463
small-10-aa-RV100-BBA0039,0.1-0.2,5,0.114161,0.0482,16,X,19,0,17,0,0,3215,203,73,709,2247
small-10-aa-RV100-BBA0039,0.1-0.2,5,0.114161,0.0482,16,X,19,1,17,0,0,3215,266,98,654,2214
small-10-aa-RV100-BBA0039,0.1-0.2,5,0.114161,0.0482,16,X,20,2,17,0,0,3215,181,39,763,2249
small-10-aa-RV100-BBA0039,0.1-0.2,5,0.114161,0.0482,16,X,20,3,17,0,0,3215,183,26,754,2269
small-10-aa-RV100-BBA0039,0.1-0.2,5,0.114161,0.0482,16,X,22,4,17,0,0,3215,186,48,733,2265
small-10-aa-RV100-BBA0039,0.1-0.2,5,0.133956,0.024203,17,X,18,0,1,0,0,3424,203,20,861,2341
small-10-aa-RV100-BBA0039,0.1-0.2,5,0.133956,0.024203,17,X,16,1,1,0,0,3424,228,76,805,2316
small-10-aa-RV100-BBA0039,0.1-0.2,5,0.133956,0.024203,17,X,19,2,1,0,0,3424,213,40,812,2360
small-10-aa-RV100-BBA0039,0.1-0.2,5,0.133956,0.024203,17,X,21,3,1,0,0,3424,219,37,801,2368
small-10-aa-RV100-BBA0039,0.1-0.2,5,0.133956,0.024203,17,X,16,4,1,0,0,3424,240,36,790,2359
small-10-aa-RV100-BBA0039,0.1-0.2,5,0.163683,0.018017,65,X,18,0,1,0,0,13081,666,378,2956,9082
small-10-aa-RV100-BBA0039,0.1-0.2,5,0.163683,0.018017,65,X,20,1,1,0,0,13081,794,216,3103,8969
small-10-aa-RV100-BBA0039,0.1-0.2,5,0.163683,0.018017,65,X,23,2,1,0,0,13081,897,252,2929,9004
small-10-aa-RV100-BBA0039,0.1-0.2,5,0.163683,0.018017,65,X,18,3,1,0,0,13081,817,176,2923,9166
small-10-aa-RV100-BBA0039,0.1-0.2,5,0.163683,0.018017,65,X,20,4,1,0,0,13081,778,207,2859,9238
small-10-aa-RV100-BBA0039,0.1-0.2,5,0.184625,0.062876,45,X,19,0,5,0,0,9085,515,144,2056,6375
small-10-aa-RV100-BBA0039,0.1-0.2,5,0.184625,0.062876,45,X,23,1,5,0,0,9085,702,71,2050,6267
small-10-aa-RV100-BBA0039,0.1-0.2,5,0.184625,0.062876,45,X,20,2,5,0,0,9085,509,219,1956,6406
small-10-aa-RV100-BBA0039,0.1-0.2,5,0.184625,0.062876,45,X,19,3,5,0,0,9085,580,157,1980,6373
small-10-aa-RV100-BBA0039,0.1-0.2,5,0.184625,0.062876,45,X,18,4,5,0,0,9085,512,187,2061,6330
small-10-aa-RV100-BBA0039,0.1-0.2,6,0.108143,0.036998,15,X,20,0,0,0,0,2979,156,31,674,2118
small-10-aa-RV100-BBA0039,0.1-0.2,6,0.108143,0.036998,15,X,20,1,0,0,0,2979,200,26,709,2044
small-10-aa-RV100-BBA0039,0.1-0.2,6,0.108143,0.036998,15,X,22,2,0,0,0,2979,193,28,743,2015
small-10-aa-RV100-BBA0039,0.1-0.2,6,0.108143,0.036998,15,X,20,3,0,0,0,2979,196,20,683,2080
small-10-aa-RV100-BBA0039,0.1-0.2,6,0.108143,0.036998,15,X,21,4,0,0,0,2979,153,49,723,2054
small-10-aa-RV100-BBA0039,0.1-0.2,6,0.133956,0.025502,16,X,22,0,1,0,0,3222,185,47,771,2220
small-10-aa-RV100-BBA0039,0.1-0.2,6,0.133956,0.025502,16,X,18,1,1,0,0,3222,225,26,753,2219
small-10-aa-RV100-BBA0039,0.1-0.2,6,0.133956,0.025502,16,X,21,2,1,0,0,3222,255,22,738,2208
small-10-aa-RV100-BBA0039,0.1-0.2,6,0.133956,0.025502,16,X,25,3,1,0,0,3222,165,49,769,2240
small-10-aa-RV100-BBA0039,0.1-0.2,6,0.133956,0.025502,16,X,17,4,1,0,0,3222,205,31,732,2255
small-10-aa-RV100-BBA0039,0.1-0.2,6,0.163683,0.018276,64,X,22,0,1,0,0,12879,709,308,2896,8967
small-10-aa-RV100-BBA0039,0.1-0.2,6,0.163683,0.018276,64,X,18,1,1,0,0,12879,880,272,2816,8912
small-10-aa-RV100-BBA0039,0.1-0.2,6,0.163683,0.018276,64,X,22,2,1,0,0,12879,753,294,2935,8898
small-10-aa-RV100-BBA0039,0.1-0.2,6,0.163683,0.018276,64,X,19,3,1,0,0,12879,843,157,3024,8856
small-10-aa-RV100-BBA0039,0.1-0.2,6,0.163683,0.018276,64,X,22,4,1,0,0,12879,667,417,2851,8945
small-10-aa-RV100-BBA0039,0.1-0.2,6,0.188866,0.098093,33,X,19,0,0,0,0,6615,431,105,1468,4611
small-10-aa-RV100-BBA0039,0.1-0.2,6,0.188866,0.098093,33,X,20,1,0,0,0,6615,340,140,1520,4615
small-10-aa-RV100-BBA0039,0.1-0.2,6,0.188866,0.098093,33,X,20,2,0,0,0,6615,375,150,1460,4630
small-10-aa-RV100-BBA0039,0.1-0.2,6,0.188866,0.098093,33,X,20,3,0,0,0,6615,408,141,1589,4477
small-10-aa-RV100-BBA0039,0.1-0.2,6,0.188866,0.098093,33,X,20,4,0,0,0,6615,405,87,1465,4658
small-10-aa-RV100-BBA0039,0.1-0.2,7,0.114161,0.050077,15,X,19,0,17,0,0,3013,149,119,662,2100
small-10-aa-RV100-BBA0039,0.1-0.2,7,0.114161,0.050077,15,X,19,1,17,0,0,3013,187,33,736,2074
small-10-aa-RV100-BBA0039,0.1-0.2,7,0.114161,0.050077,15,X,23,2,17,0,0,3013,203,98,668,2061
small-10-aa-RV100-BBA0039,0.1-0.2,7,0.114161,0.050077,15,X,18,3,17,0,0,3013,188,23,634,2185
small-10-aa-RV100-BBA0039,0.1-0.2,7,0.114161,0.050077,15,X,22,4,17,0,0,3013,173,57,752,2048
small-10-aa-RV100-BBA0039,0.1-0.2,7,0.133956,0.026942,15,X,23,0,1,0,0,3020,230,33,727,2031
small-10-aa-RV100-BBA0039,0.1-0.2,7,0.133956,0.026942,15,X,23,1,1,0,0,3020,200,34,728,2059
small-10-aa-RV100-BBA0039,0.1-0.2,7,0.133956,0.026942,15,X,21,2,1,0,0,3020,203,33,688,2097
small-10-aa-RV100-BBA0039,0.1-0.2,7,0.133956,0.026942,15,X,20,3,1,0,0,3020,148,50,655,2168
small-10-aa-RV100-BBA0039,0.1-0.2,7,0.133956,0.026942,15,X,22,4,1,0,0,3020,170,36,721,2094
small-10-aa-RV100-BBA0039,0.1-0.2,7,0.167252,0.091532,12,X,17,0,0,0,0,2412,169,15,603,1625
small-10-aa-RV100-BBA0039,0.1-0.2,7,0.167252,0.091532,12,X,24,1,0,0,0,2412,127,24,596,1665
small-10-aa-RV100-BBA0039,0.1-0.2,7,0.167252,0.091532,12,X,19,2,0,0,0,2412,133,21,566,1692
small-10-aa-RV100-BBA0039,0.1-0.2,7,0.167252,0.091532,12,X,19,3,0,0,0,2412,165,18,523,1706
small-10-aa-RV100-BBA0039,0.1-0.2,7,0.167252,0.091532,12,X,16,4,0,0,0,2412,158,22,613,1619
small-10-aa-RV100-BBA0039,0.1-0.2,7,0.188866,0.096683,32,X,19,0,0,0,0,6413,385,102,1527,4399
small-10-aa-RV100-BBA0039,0.1-0.2,7,0.188866,0.096683,32,X,20,1,0,0,0,6413,389,124,1404,4496
small-10-aa-RV100-BBA0039,0.1-0.2,7,0.188866,0.096683,32,X,17,2,0,0,0,6413,405,51,1500,4457
small-10-aa-RV100-BBA0039,0.1-0.2,7,0.188866,0.096683,32,X,18,3,0,0,0,6413,292,189,1349,4583
small-10-aa-RV100-BBA0039,0.1-0.2,7,0.188866,0.096683,32,X,17,4,0,0,0,6413,301,203,1383,4526
small-10-aa-RV100-BBA0039,0.1-0.2,8,0.122031,0.034782,9,X,21,0,0,0,0,1809,134,20,439,1216
small-10-aa-RV100-BBA0039,0.1-0.2,8,0.122031,0.034782,9,X,20,1,0,0,0,1809,96,30,423,1260
small-10-aa-RV100-BBA0039,0.1-0.2,8,0.122031,0.034782,9,X,20,2,0,0,0,1809,124,30,366,1289
small-10-aa-RV100-BBA0039,0.1-0.2,8,0.122031,0.034782,9,X,19,3,0,0,0,1809,111,10,383,1305
small-10-aa-RV100-BBA0039,0.1-0.2,8,0.122031,0.034782,9,X,19,4,0,0,0,1809,94,11,425,1279
small-10-aa-RV100-BBA0039,0.1-0.2,8,0.133956,0.028544,14,X,19,0,1,0,0,2818,165,24,675,1955
small-10-aa-RV100-BBA0039,0.1-0.2,8,0.133956,0.028544,14,X,22,1,1,0,0,2818,185,30,649,1955
small-10-aa-RV100-BBA0039,0.1-0.2,8,0.133956,0.028544,14,X,13,2,1,0,0,2818,163,25,643,1988
small-10-aa-RV100-BBA0039,0.1-0.2,8,0.133956,0.028544,14,X,25,3,1,0,0,2818,165,25,637,1992
small-10-aa-RV100-BBA0039,0.1-0.2,8,0.133956,0.028544,14,X,20,4,1,0,0,2818,170,63,626,1960
small-10-aa-RV100-BBA0039,0.1-0.2,8,0.173433,0.088842,5,X,22,0,0,0,0,1010,44,22,177,767
small-10-aa-RV100-BBA0039,0.1-0.2,8,0.173433,0.088842,5,X,17,1,0,0,0,1010,32,35,173,770
small-10-aa-RV100-BBA0039,0.1-0.2,8,0.173433,0.088842,5,X,17,2,0,0,0,1010,80,8,262,660
small-10-aa-RV100-BBA0039,0.1-0.2,8,0.173433,0.088842,5,X,16,3,0,0,0,1010,45,21,222,722
small-10-aa-RV100-BBA0039,0.1-0.2,8,0.173433,0.088842,5,X,18,4,0,0,0,1010,80,6,254,670
small-10-aa-RV100-BBA0039,0.1-0.2,8,0.188866,0.092411,30,X,16,0,0,0,0,6009,321,151,1392,4145
small-10-aa-RV100-BBA0039,0.1-0.2,8,0.188866,0.092411,30,X,17,1,0,0,0,6009,361,93,1392,4163
small-10-aa-RV100-BBA0039,0.1-0.2,8,0.188866,0.092411,30,X,23,2,0,0,0,6009,344,94,1395,4176
small-10-aa-RV100-BBA0039,0.1-0.2,8,0.188866,0.092411,30,X,18,3,0,0,0,6009,383,56,1391,4179
small-10-aa-RV100-BBA0039,0.1-0.2,8,0.188866,0.092411,30,X,20,4,0,0,0,6009,346,108,1507,4048
small-10-aa-RV100-BBA0039,0.1-0.2,9,0.106983,0.051378,7,X,17,0,0,0,0,1414,109,13,346,946
small-10-aa-RV100-BBA0039,0.1-0.2,9,0.106983,0.051378,7,X,21,1,0,0,0,1414,76,28,303,1007
small-10-aa-RV100-BBA0039,0.1-0.2,9,0.106983,0.051378,7,X,18,2,0,0,0,1414,81,45,303,985
small-10-aa-RV100-BBA0039,0.1-0.2,9,0.106983,0.051378,7,X,21,3,0,0,0,1414,123,5,320,966
small-10-aa-RV100-BBA0039,0.1-0.2,9,0.106983,0.051378,7,X,18,4,0,0,0,1414,75,8,332,999
small-10-aa-RV100-BBA0039,0.1-0.2,9,0.133956,0.030336,13,X,17,0,1,0,0,2616,143,68,611,1795
small-10-aa-RV100-BBA0039,0.1-0.2,9,0.133956,0.030336,13,X,18,1,1,0,0,2616,165,53,609,1790
small-10-aa-RV100-BBA0039,0.1-0.2,9,0.133956,0.030336,13,X,18,2,1,0,0,2616,187,33,674,1723
small-10-aa-RV100-BBA0039,0.1-0.2,9,0.133956,0.030336,13,X,21,3,1,0,0,2616,162,22,641,1792
small-10-aa-RV100-BBA0039,0.1-0.2,9,0.133956,0.030336,13,X,20,4,1,0,0,2616,172,19,606,1820
small-10-aa-RV100-BBA0039,0.1-0.2,9,0.160989,0.084342,4,X,19,0,0,0,0,808,55,9,185,559
small-10-aa-RV100-BBA0039,0.1-0.2,9,0.160989,0.084342,4,X,20,1,0,0,0,808,46,6,183,573
small-10-aa-RV100-BBA0039,0.1-0.2,9,0.160989,0.084342,4,X,19,2,0,0,0,808,17,92,107,592
small-10-aa-RV100-BBA0039,0.1-0.2,9,0.160989,0.084342,4,X,18,3,0,0,0,808,60,5,195,548
small-10-aa-RV100-BBA0039,0.1-0.2,9,0.160989,0.084342,4,X,20,4,0,0,0,808,16,87,67,638
small-10-aa-RV100-BBA0039,0.1-0.2,9,0.188866,0.091111,29,X,24,0,0,0,0,5807,367,84,1244,4112
small-10-aa-RV100-BBA0039,0.1-0.2,9,0.188866,0.091111,29,X,17,1,0,0,0,5807,392,46,1280,4089
small-10-aa-RV100-BBA0039,0.1-0.2,9,0.188866,0.091111,29,X,16,2,0,0,0,5807,330,97,1309,4071
small-10-aa-RV100-BBA0039,0.1-0.2,9,0.188866,0.091111,29,X,15,3,0,0,0,5807,356,75,1232,4144
small-10-aa-RV100-BBA0039,0.1-0.2,9,0.188866,0.091111,29,X,22,4,0,0,0,5807,325,143,1340,3999
small-10-aa-RV100-BBA0039,0.2-0.3,0,0.221479,0.07092,60,X,21,0,5,0,0,12115,783,158,2774,8405
small-10-aa-RV100-BBA0039,0.2-0.3,0,0.221479,0.07092,60,X,20,1,5,0,0,12115,838,223,2763,8296
small-10-aa-RV100-BBA0039,0.2-0.3,0,0.221479,0.07092,60,X,22,2,5,0,0,12115,812,127,3015,8166
small-10-aa-RV100-BBA0039,0.2-0.3,0,0.221479,0.07092,60,X,18,3,5,0,0,12115,750,267,2633,8470
small-10-aa-RV100-BBA0039,0.2-0.3,0,0.221479,0.07092,60,X,22,4,5,0,0,12115,799,264,2841,8216
small-10-aa-RV100-BBA0039,0.2-0.3,0,0.24474,0.065374,14,X,20,0,0,0,0,2828,190,10,627,2001
small-10-aa-RV100-BBA0039,0.2-0.3,0,0.24474,0.065374,14,X,17,1,0,0,0,2828,132,69,647,1980
small-10-aa-RV100-BBA0039,0.2-0.3,0,0.24474,0.065374,14,X,20,2,0,0,0,2828,194,25,668,1941
small-10-aa-RV100-BBA0039,0.2-0.3,0,0.24474,0.065374,14,X,20,3,0,0,0,2828,166,113,567,1982
small-10-aa-RV100-BBA0039,0.2-0.3,0,0.24474,0.065374,14,X,18,4,0,0,0,2828,197,29,685,1917
small-10-aa-RV100-BBA0039,0.2-0.3,0,0.26683,0.039461,126,X,19,0,2,0,0,25379,1472,537,5874,17498
small-10-aa-RV100-BBA0039,0.2-0.3,0,0.26683,0.039461,126,X,18,1,2,0,0,25379,1642,737,5474,17528
small-10-aa-RV100-BBA0039,0.2-0.3,0,0.26683,0.039461,126,X,18,2,2,0,0,25379,1654,392,5843,17492
small-10-aa-RV100-BBA0039,0.2-0.3,0,0.26683,0.039461,126,X,20,3,2,0,0,25379,1671,401,5827,17482
small-10-aa-RV100-BBA0039,0.2-0.3,0,0.26683,0.039461,126,X,19,4,2,0,0,25379,1578,411,5778,17614
small-10-aa-RV100-BBA0039,0.2-0.3,0,0.281488,0.04182,94,X,20,0,0,0,0,18903,1161,243,4274,13225
small-10-aa-RV100-BBA0039,0.2-0.3,0,0.281488,0.04182,94,X,20,1,0,0,0,18903,1328,340,4417,12818
small-10-aa-RV100-BBA0039,0.2-0.3,0,0.281488,0.04182,94,X,19,2,0,0,0,18903,1150,378,4140,13235
small-10-aa-RV100-BBA0039,0.2-0.3,0,0.281488,0.04182,94,X,20,3,0,0,0,18903,1185,408,4400,12910
small-10-aa-RV100-BBA0039,0.2-0.3,0,0.281488,0.04182,94,X,16,4,0,0,0,18903,1257,265,4436,12945
small-10-aa-RV100-BBA0039,0.2-0.3,1,0.21635,0.041251,55,X,20,0,0,0,0,11110,666,254,2607,7583
small-10-aa-RV100-BBA0039,0.2-0.3,1,0.21635,0.041251,55,X,22,1,0,0,0,11110,618,265,2511,7716
small-10-aa-RV100-BBA0039,0.2-0.3,1,0.21635,0.041251,55,X,17,2,0,0,0,11110,628,211,2428,7843
small-10-aa-RV100-BBA0039,0.2-0.3,1,0.21635,0.041251,55,X,22,3,0,0,0,11110,751,196,2563,7600
small-10-aa-RV100-BBA0039,0.2-0.3,1,0.21635,0.041251,55,X,16,4,0,0,0,11110,605,312,2392,7801
small-10-aa-RV100-BBA0039,0.2-0.3,1,0.240452,0.057854,9,X,18,0,0,0,0,1818,108,42,442,1226
small-10-aa-RV100-BBA0039,0.2-0.3,1,0.240452,0.057854,9,X,20,1,0,0,0,1818,121,41,388,1268
small-10-aa-RV100-BBA0039,0.2-0.3,1,0.240452,0.057854,9,X,20,2,0,0,0,1818,110,109,362,1237
small-10-aa-RV100-BBA0039,0.2-0.3,1,0.240452,0.057854,9,X,19,3,0,0,0,1818,110,23,454,1231
small-10-aa-RV100-BBA0039,0.2-0.3,1,0.240452,0.057854,9,X,19,4,0,0,0,1818,130,13,446,1229
small-10-aa-RV100-BBA0039,0.2-0.3,1,0.26683,0.039491,125,X,21,0,2,0,0,25177,1709,455,5899,17116
small-10-aa-RV100-BBA0039,0.2-0.3,1,0.26683,0.039491,125,X,21,1,2,0,0,25177,1619,511,5649,17400
small-10-aa-RV100-BBA0039,0.2-0.3,1,0.26683,0.039491,125,X,18,2,2,0,0,25177,1635,436,5747,17361
small-10-aa-RV100-BBA0039,0.2-0.3,1,0.26683,0.039491,125,X,18,3,2,0,0,25177,1628,676,5571,17304
small-10-aa-RV100-BBA0039,0.2-0.3,1,0.26683,0.039491,125,X,17,4,2,0,0,25177,1568,452,5928,17231
small-10-aa-RV100-BBA0039,0.2-0.3,1,0.293634,0.078241,29,X,19,0,44,0,0,5800,398,91,1302,4053
small-10-aa-RV100-BBA0039,0.2-0.3,1,0.293634,0.078241,29,X,20,1,44,0,0,5800,389,80,1375,4000
small-10-aa-RV100-BBA0039,0.2-0.3,1,0.293634,0.078241,29,X,19,2,44,0,0,5800,365,119,1415,3945
small-10-aa-RV100-BBA0039,0.2-0.3,1,0.293634,0.078241,29,X,20,3,44,0,0,5800,396,102,1358,3988
small-10-aa-RV100-BBA0039,0.2-0.3,1,0.293634,0.078241,29,X,22,4,44,0,0,5800,357,114,1275,4098
small-10-aa-RV100-BBA0039,0.2-0.3,2,0.21635,0.041079,54,X,19,0,0,0,0,10908,658,190,2448,7612
small-10-aa-RV100-BBA0039,0.2-0.3,2,0.21635,0.041079,54,X,18,1,0,0,0,10908,612,328,2452,7516
small-10-aa-RV100-BBA0039,0.2-0.3,2,0.21635,0.041079,54,X,14,2,0,0,0,10908,692,257,2392,7567
small-10-aa-RV100-BBA0039,0.2-0.3,2,0.21635,0.041079,54,X,18,3,0,0,0,10908,572,175,2478,7683
small-10-aa-RV100-BBA0039,0.2-0.3,2,0.21635,0.041079,54,X,18,4,0,0,0,10908,756,177,2442,7533
small-10-aa-RV100-BBA0039,0.2-0.3,2,0.240452,0.086139,6,X,21,0,0,0,0,1212,58,17,233,904
small-10-aa-RV100-BBA0039,0.2-0.3,2,0.240452,0.086139,6,X,17,1,0,0,0,1212,81,9,355,767
small-10-aa-RV100-BBA0039,0.2-0.3,2,0.240452,0.086139,6,X,21,2,0,0,0,1212,91,34,237,850
small-10-aa-RV100-BBA0039,0.2-0.3,2,0.240452,0.086139,6,X,21,3,0,0,0,1212,54,57,255,846
small-10-aa-RV100-BBA0039,0.2-0.3,2,0.240452,0.086139,6,X,17,4,0,0,0,1212,41,113,212,846
small-10-aa-RV100-BBA0039,0.2-0.3,2,0.26536,0.035849,114,X,20,0,2,0,0,22955,1406,299,5276,15976
small-10-aa-RV100-BBA0039,0.2-0.3,2,0.26536,0.035849,114,X,17,1,2,0,0,22955,1468,443,5039,16007
small-10-aa-RV100-BBA0039,0.2-0.3,2,0.26536,0.035849,114,X,20,2,2,0,0,22955,1522,349,5166,15920
small-10-aa-RV100-BBA0039,0.2-0.3,2,0.26536,0.035849,114,X,22,3,2,0,0,22955,1481,325,5393,15758
small-10-aa-RV100-BBA0039,0.2-0.3,2,0.26536,0.035849,114,X,21,4,2,0,0,22955,1447,400,5195,15915
small-10-aa-RV100-BBA0039,0.2-0.3,2,0.290034,0.040214,15,X,18,0,38,0,0,2840,216,31,655,1976
small-10-aa-RV100-BBA0039,0.2-0.3,2,0.290034,0.040214,15,X,24,1,38,0,0,2840,241,71,699,1867
small-10-aa-RV100-BBA0039,0.2-0.3,2,0.290034,0.040214,15,X,22,2,38,0,0,2840,155,49,673,2001
small-10-aa-RV100-BBA0039,0.2-0.3,2,0.290034,0.040214,15,X,16,3,38,0,0,2840,202,37,787,1852
small-10-aa-RV100-BBA0039,0.2-0.3,2,0.290034,0.040214,15,X,20,4,38,0,0,2840,198,100,601,1979
small-10-aa-RV100-BBA0039,0.2-0.3,3,0.21635,0.050123,33,X,19,0,0,0,0,6666,441,55,1461,4709
small-10-aa-RV100-BBA0039,0.2-0.3,3,0.21635,0.050123,33,X,19,1,0,0,0,6666,459,79,1534,4594
small-10-aa-RV100-BBA0039,0.2-0.3,3,0.21635,0.050123,33,X,19,2,0,0,0,6666,406,92,1529,4639
small-10-aa-RV100-BBA0039,0.2-0.3,3,0.21635,0.050123,33,X,20,3,0,0,0,6666,317,172,1374,4803
small-10-aa-RV100-BBA0039,0.2-0.3,3,0.21635,0.050123,33,X,20,4,0,0,0,6666,398,102,1502,4664
small-10-aa-RV100-BBA0039,0.2-0.3,3,0.234829,0.118381,6,X,21,0,0,0,0,1191,73,18,269,831
small-10-aa-RV100-BBA0039,0.2-0.3,3,0.234829,0.118381,6,X,18,1,0,0,0,1191,96,15,303,777
small-10-aa-RV100-BBA0039,0.2-0.3,3,0.234829,0.118381,6,X,18,2,0,0,0,1191,60,44,212,875
small-10-aa-RV100-BBA0039,0.2-0.3,3,0.234829,0.118381,6,X,21,3,0,0,0,1191,62,30,260,839
small-10-aa-RV100-BBA0039,0.2-0.3,3,0.234829,0.118381,6,X,20,4,0,0,0,1191,90,10,252,839
small-10-aa-RV100-BBA0039,0.2-0.3,3,0.26536,0.036072,113,X,20,0,2,0,0,22753,1489,451,5250,15565
small-10-aa-RV100-BBA0039,0.2-0.3,3,0.26536,0.036072,113,X,18,1,2,0,0,22753,1439,462,5063,15791
small-10-aa-RV100-BBA0039,0.2-0.3,3,0.26536,0.036072,113,X,19,2,2,0,0,22753,1443,315,5475,15522
small-10-aa-RV100-BBA0039,0.2-0.3,3,0.26536,0.036072,113,X,18,3,2,0,0,22753,1391,411,5276,15677
small-10-aa-RV100-BBA0039,0.2-0.3,3,0.26536,0.036072,113,X,19,4,2,0,0,22753,1483,555,5018,15699
small-10-aa-RV100-BBA0039,0.2-0.3,3,0.278303,0.039759,14,X,20,0,38,0,0,2638,244,26,600,1806
small-10-aa-RV100-BBA0039,0.2-0.3,3,0.278303,0.039759,14,X,19,1,38,0,0,2638,214,40,630,1792
small-10-aa-RV100-BBA0039,0.2-0.3,3,0.278303,0.039759,14,X,24,2,38,0,0,2638,202,36,684,1754
small-10-aa-RV100-BBA0039,0.2-0.3,3,0.278303,0.039759,14,X,19,3,38,0,0,2638,161,47,628,1840
small-10-aa-RV100-BBA0039,0.2-0.3,3,0.278303,0.039759,14,X,19,4,38,0,0,2638,212,20,655,1789
small-10-aa-RV100-BBA0039,0.2-0.3,4,0.207271,0.087547,24,X,18,0,6,0,0,4829,293,87,1057,3398
small-10-aa-RV100-BBA0039,0.2-0.3,4,0.207271,0.087547,24,X,21,1,6,0,0,4829,292,51,1154,3338
small-10-aa-RV100-BBA0039,0.2-0.3,4,0.207271,0.087547,24,X,23,2,6,0,0,4829,307,46,1162,3320
small-10-aa-RV100-BBA0039,0.2-0.3,4,0.207271,0.087547,24,X,18,3,6,0,0,4829,252,82,1103,3398
small-10-aa-RV100-BBA0039,0.2-0.3,4,0.207271,0.087547,24,X,17,4,6,0,0,4829,386,55,1140,3254
small-10-aa-RV100-BBA0039,0.2-0.3,4,0.228693,0.138331,5,X,21,0,0,0,0,1001,42,21,171,767
small-10-aa-RV100-BBA0039,0.2-0.3,4,0.228693,0.138331,5,X,19,1,0,0,0,1001,44,117,155,685
small-10-aa-RV100-BBA0039,0.2-0.3,4,0.228693,0.138331,5,X,21,2,0,0,0,1001,26,172,94,709
small-10-aa-RV100-BBA0039,0.2-0.3,4,0.228693,0.138331,5,X,19,3,0,0,0,1001,44,17,205,735
small-10-aa-RV100-BBA0039,0.2-0.3,4,0.228693,0.138331,5,X,20,4,0,0,0,1001,83,7,239,672
small-10-aa-RV100-BBA0039,0.2-0.3,4,0.26536,0.036298,112,X,21,0,2,0,0,22551,1415,378,5241,15519
small-10-aa-RV100-BBA0039,0.2-0.3,4,0.26536,0.036298,112,X,22,1,2,0,0,22551,1491,348,5050,15664
small-10-aa-RV100-BBA0039,0.2-0.3,4,0.26536,0.036298,112,X,19,2,2,0,0,22551,1289,697,4884,15683
small-10-aa-RV100-BBA0039,0.2-0.3,4,0.26536,0.036298,112,X,19,3,2,0,0,22551,1241,489,4931,15892
small-10-aa-RV100-BBA0039,0.2-0.3,4,0.26536,0.036298,112,X,15,4,2,0,0,22551,1552,331,5051,15619
small-10-aa-RV100-BBA0039,0.2-0.3,4,0.299545,0.125624,9,X,16,0,0,0,0,1818,90,29,453,1246
small-10-aa-RV100-BBA0039,0.2-0.3,4,0.299545,0.125624,9,X,18,1,0,0,0,1818,119,61,357,1281
small-10-aa-RV100-BBA0039,0.2-0.3,4,0.299545,0.125624,9,X,18,2,0,0,0,1818,109,12,427,1270
small-10-aa-RV100-BBA0039,0.2-0.3,4,0.299545,0.125624,9,X,25,3,0,0,0,1818,76,46,353,1343
small-10-aa-RV100-BBA0039,0.2-0.3,4,0.299545,0.125624,9,X,20,4,0,0,0,1818,85,16,388,1329
small-10-aa-RV100-BBA0039,0.2-0.3,5,0.208126,0.06543,24,X,20,0,20,0,0,4828,348,52,1119,3329
small-10-aa-RV100-BBA0039,0.2-0.3,5,0.208126,0.06543,24,X,19,1,20,0,0,4828,294,64,1094,3396
small-10-aa-RV100-BBA0039,0.2-0.3,5,0.208126,0.06543,24,X,16,2,20,0,0,4828,299,60,1155,3334
small-10-aa-RV100-BBA0039,0.2-0.3,5,0.208126,0.06543,24,X,21,3,20,0,0,4828,322,82,1099,3345
small-10-aa-RV100-BBA0039,0.2-0.3,5,0.208126,0.06543,24,X,18,4,20,0,0,4828,289,92,1109,3358
small-10-aa-RV100-BBA0039,0.2-0.3,5,0.237908,0.163336,3,X,18,0,0,0,0,606,10,84,60,452
small-10-aa-RV100-BBA0039,0.2-0.3,5,0.237908,0.163336,3,X,20,1,0,0,0,606,19,14,116,457
small-10-aa-RV100-BBA0039,0.2-0.3,5,0.237908,0.163336,3,X,19,2,0,0,0,606,40,2,123,441
small-10-aa-RV100-BBA0039,0.2-0.3,5,0.237908,0.163336,3,X,17,3,0,0,0,606,16,68,93,429
small-10-aa-RV100-BBA0039,0.2-0.3,5,0.237908,0.163336,3,X,16,4,0,0,0,606,28,10,139,429
small-10-aa-RV100-BBA0039,0.2-0.3,5,0.264255,0.039475,92,X,18,0,0,0,0,18499,1108,291,4298,12802
small-10-aa-RV100-BBA0039,0.2-0.3,5,0.264255,0.039475,92,X,21,1,0,0,0,18499,1200,253,4446,12600
small-10-aa-RV100-BBA0039,0.2-0.3,5,0.264255,0.039475,92,X,19,2,0,0,0,18499,1200,229,4310,12760
small-10-aa-RV100-BBA0039,0.2-0.3,5,0.264255,0.039475,92,X,21,3,0,0,0,18499,1180,603,4056,12660
small-10-aa-RV100-BBA0039,0.2-0.3,5,0.264255,0.039475,92,X,21,4,0,0,0,18499,1194,409,4116,12780
small-10-aa-RV100-BBA0039,0.2-0.3,5,0.293385,0.116276,6,X,15,0,0,0,0,1212,41,139,150,882
small-10-aa-RV100-BBA0039,0.2-0.3,5,0.293385,0.116276,6,X,21,1,0,0,0,1212,48,59,307,798
small-10-aa-RV100-BBA0039,0.2-0.3,5,0.293385,0.116276,6,X,21,2,0,0,0,1212,81,50,262,819
small-10-aa-RV100-BBA0039,0.2-0.3,5,0.293385,0.116276,6,X,18,3,0,0,0,1212,67,10,264,871
small-10-aa-RV100-BBA0039,0.2-0.3,5,0.293385,0.116276,6,X,19,4,0,0,0,1212,82,14,268,848
small-10-aa-RV100-BBA0039,0.2-0.3,6,0.207271,0.089885,22,X,19,0,6,0,0,4425,261,88,986,3096
small-10-aa-RV100-BBA0039,0.2-0.3,6,0.207271,0.089885,22,X,24,1,6,0,0,4425,230,144,949,3108
small-10-aa-RV100-BBA0039,0.2-0.3,6,0.207271,0.089885,22,X,17,2,6,0,0,4425,302,100,1018,3011
small-10-aa-RV100-BBA0039,0.2-0.3,6,0.207271,0.089885,22,X,16,3,6,0,0,4425,229,83,998,3121
small-10-aa-RV100-BBA0039,0.2-0.3,6,0.207271,0.089885,22,X,20,4,6,0,0,4425,275,31,1010,3115
small-10-aa-RV100-BBA0039,0.2-0.3,6,0.233433,0.233433,2,X,19,0,0,0,0,376,0,95,0,281
small-10-aa-RV100-BBA0039,0.2-0.3,6,0.233433,0.233433,2,X,18,1,0,0,0,376,0,101,0,275
small-10-aa-RV100-BBA0039,0.2-0.3,6,0.233433,0.233433,2,X,21,2,0,0,0,376,0,83,0,293
small-10-aa-RV100-BBA0039,0.2-0.3,6,0.233433,0.233433,2,X,19,3,0,0,0,376,0,95,0,281
small-10-aa-RV100-BBA0039,0.2-0.3,6,0.233433,0.233433,2,X,21,4,0,0,0,376,0,114,0,262
small-10-aa-RV100-BBA0039,0.2-0.3,6,0.264255,0.036614,89,X,23,0,0,0,0,17893,1107,298,4099,12389
small-10-aa-RV100-BBA0039,0.2-0.3,6,0.264255,0.036614,89,X,22,1,0,0,0,17893,1100,426,3912,12455
small-10-aa-RV100-BBA0039,0.2-0.3,6,0.264255,0.036614,89,X,17,2,0,0,0,17893,1226,281,4054,12332
small-10-aa-RV100-BBA0039,0.2-0.3,6,0.264255,0.036614,89,X,17,3,0,0,0,17893,1107,357,4037,12392
small-10-aa-RV100-BBA0039,0.2-0.3,6,0.264255,0.036614,89,X,20,4,0,0,0,17893,1127,282,4090,12394
small-10-aa-RV100-BBA0039,0.2-0.3,6,0.277861,0.126151,5,X,21,0,0,0,0,1010,24,40,231,715
small-10-aa-RV100-BBA0039,0.2-0.3,6,0.277861,0.126151,5,X,16,1,0,0,0,1010,38,59,167,746
small-10-aa-RV100-BBA0039,0.2-0.3,6,0.277861,0.126151,5,X,19,2,0,0,0,1010,60,11,267,672
small-10-aa-RV100-BBA0039,0.2-0.3,6,0.277861,0.126151,5,X,22,3,0,0,0,1010,16,147,111,736
small-10-aa-RV100-BBA0039,0.2-0.3,6,0.277861,0.126151,5,X,21,4,0,0,0,1010,65,21,228,696
small-10-aa-RV100-BBA0039,0.2-0.3,7,0.207271,0.091008,21,X,19,0,6,0,0,4223,277,33,1022,2897
small-10-aa-RV100-BBA0039,0.2-0.3,7,0.207271,0.091008,21,X,23,1,6,0,0,4223,234,40,956,2999
small-10-aa-RV100-BBA0039,0.2-0.3,7,0.207271,0.091008,21,X,19,2,6,0,0,4223,253,37,1008,2931
small-10-aa-RV100-BBA0039,0.2-0.3,7,0.207271,0.091008,21,X,19,3,6,0,0,4223,233,99,1013,2884
small-10-aa-RV100-BBA0039,0.2-0.3,7,0.207271,0.091008,21,X,24,4,6,0,0,4223,284,73,976,2896
small-10-aa-RV100-BBA0039,0.2-0.3,7,0.237908,0.237908,2,X,23,0,0,0,0,404,0,92,0,312
small-10-aa-RV100-BBA0039,0.2-0.3,7,0.237908,0.237908,2,X,19,1,0,0,0,404,0,94,0,310
small-10-aa-RV100-BBA0039,0.2-0.3,7,0.237908,0.237908,2,X,20,2,0,0,0,404,0,99,0,305
small-10-aa-RV100-BBA0039,0.2-0.3,7,0.237908,0.237908,2,X,19,3,0,0,0,404,0,97,0,307
small-10-aa-RV100-BBA0039,0.2-0.3,7,0.237908,0.237908,2,X,17,4,0,0,0,404,0,94,0,310
small-10-aa-RV100-BBA0039,0.2-0.3,7,0.264255,0.036724,88,X,21,0,0,0,0,17691,1156,342,3913,12280
small-10-aa-RV100-BBA0039,0.2-0.3,7,0.264255,0.036724,88,X,18,1,0,0,0,17691,1124,407,3985,12175
small-10-aa-RV100-BBA0039,0.2-0.3,7,0.264255,0.036724,88,X,21,2,0,0,0,17691,1042,366,3959,12324
small-10-aa-RV100-BBA0039,0.2-0.3,7,0.264255,0.036724,88,X,19,3,0,0,0,17691,1075,326,3925,12365
small-10-aa-RV100-BBA0039,0.2-0.3,7,0.264255,0.036724,88,X,19,4,0,0,0,17691,1088,329,3991,12283
small-10-aa-RV100-BBA0039,0.2-0.3,7,0.27924,0.130587,5,X,19,0,0,0,0,1010,19,136,111,744
small-10-aa-RV100-BBA0039,0.2-0.3,7,0.27924,0.130587,5,X,21,1,0,0,0,1010,80,8,246,676
small-10-aa-RV100-BBA0039,0.2-0.3,7,0.27924,0.130587,5,X,18,2,0,0,0,1010,57,15,195,743
small-10-aa-RV100-BBA0039,0.2-0.3,7,0.27924,0.130587,5,X,18,3,0,0,0,1010,43,101,168,698
small-10-aa-RV100-BBA0039,0.2-0.3,7,0.27924,0.130587,5,X,13,4,0,0,0,1010,63,20,224,703
small-10-aa-RV100-BBA0039,0.2-0.3,8,0.21635,0.091906,14,X,18,0,0,0,0,2828,124,57,672,1975
small-10-aa-RV100-BBA0039,0.2-0.3,8,0.21635,0.091906,14,X,23,1,0,0,0,2828,190,14,650,1974
small-10-aa-RV100-BBA0039,0.2-0.3,8,0.21635,0.091906,14,X,21,2,0,0,0,2828,171,31,705,1921
small-10-aa-RV100-BBA0039,0.2-0.3,8,0.21635,0.091906,14,X,22,3,0,0,0,2828,152,23,587,2066
small-10-aa-RV100-BBA0039,0.2-0.3,8,0.21635,0.091906,14,X,22,4,0,0,0,2828,175,62,684,1907
small-10-aa-RV100-BBA0039,0.2-0.3,8,0.264255,0.036963,87,X,19,0,0,0,0,17489,1089,280,4007,12113
small-10-aa-RV100-BBA0039,0.2-0.3,8,0.264255,0.036963,87,X,18,1,0,0,0,17489,1037,449,3906,12097
small-10-aa-RV100-BBA0039,0.2-0.3,8,0.264255,0.036963,87,X,16,2,0,0,0,17489,1057,506,3822,12104
small-10-aa-RV100-BBA0039,0.2-0.3,8,0.264255,0.036963,87,X,18,3,0,0,0,17489,1159,327,3994,12009
small-10-aa-RV100-BBA0039,0.2-0.3,8,0.264255,0.036963,87,X,21,4,0,0,0,17489,1030,369,3891,12199
small-10-aa-RV100-BBA0039,0.2-0.3,8,0.278979,0.183783,5,X,18,0,0,0,0,912,15,134,143,620
small-10-aa-RV100-BBA0039,0.2-0.3,8,0.278979,0.183783,5,X,19,1,0,0,0,912,34,48,199,631
small-10-aa-RV100-BBA0039,0.2-0.3,8,0.278979,0.183783,5,X,20,2,0,0,0,912,40,6,184,682
small-10-aa-RV100-BBA0039,0.2-0.3,8,0.278979,0.183783,5,X,20,3,0,0,0,912,60,7,237,608
small-10-aa-RV100-BBA0039,0.2-0.3,8,0.278979,0.183783,5,X,20,4,0,0,0,912,59,7,222,624
small-10-aa-RV100-BBA0039,0.2-0.3,9,0.212742,0.116426,6,X,21,0,0,0,0,1206,36,44,255,871
small-10-aa-RV100-BBA0039,0.2-0.3,9,0.212742,0.116426,6,X,18,1,0,0,0,1206,56,32,260,858
small-10-aa-RV100-BBA0039,0.2-0.3,9,0.212742,0.116426,6,X,24,2,0,0,0,1206,67,6,315,818
small-10-aa-RV100-BBA0039,0.2-0.3,9,0.212742,0.116426,6,X,19,3,0,0,0,1206,75,9,323,799
small-10-aa-RV100-BBA0039,0.2-0.3,9,0.212742,0.116426,6,X,18,4,0,0,0,1206,66,26,309,805
small-10-aa-RV100-BBA0039,0.2-0.3,9,0.264255,0.037202,86,X,19,0,0,0,0,17287,1042,525,3862,11858
small-10-aa-RV100-BBA0039,0.2-0.3,9,0.264255,0.037202,86,X,21,1,0,0,0,17287,1057,264,3933,12033
small-10-aa-RV100-BBA0039,0.2-0.3,9,0.264255,0.037202,86,X,19,2,0,0,0,17287,1038,392,3908,11949
small-10-aa-RV100-BBA0039,0.2-0.3,9,0.264255,0.037202,86,X,24,3,0,0,0,17287,1056,255,3843,12133
small-10-aa-RV100-BBA0039,0.2-0.3,9,0.264255,0.037202,86,X,18,4,0,0,0,17287,1024,473,3848,11942
small-10-aa-RV100-BBA0039,0.2-0.3,9,0.275173,0.198822,4,X,21,0,0,0,0,808,0,222,0,586
small-10-aa-RV100-BBA0039,0.2-0.3,9,0.275173,0.198822,4,X,20,1,0,0,0,808,14,120,65,609
small-10-aa-RV100-BBA0039,0.2-0.3,9,0.275173,0.198822,4,X,20,2,0,0,0,808,29,116,73,590
small-10-aa-RV100-BBA0039,0.2-0.3,9,0.275173,0.198822,4,X,18,3,0,0,0,808,52,9,197,550
small-10-aa-RV100-BBA0039,0.2-0.3,9,0.275173,0.198822,4,X,16,4,0,0,0,808,36,18,196,558
small-10-aa-RV100-BBA0039,0.3-0.4,0,0.30862,0.185842,5,X,18,0,0,0,0,1010,64,20,242,684
small-10-aa-RV100-BBA0039,0.3-0.4,0,0.30862,0.185842,5,X,20,1,0,0,0,1010,62,15,238,695
small-10-aa-RV100-BBA0039,0.3-0.4,0,0.30862,0.185842,5,X,22,2,0,0,0,1010,59,13,209,729
small-10-aa-RV100-BBA0039,0.3-0.4,0,0.30862,0.185842,5,X,19,3,0,0,0,1010,84,6,265,655
small-10-aa-RV100-BBA0039,0.3-0.4,0,0.30862,0.185842,5,X,18,4,0,0,0,1010,6,152,103,749
small-10-aa-RV100-BBA0039,0.3-0.4,0,0.331568,0.129944,6,X,16,0,0,0,0,1212,85,14,296,817
small-10-aa-RV100-BBA0039,0.3-0.4,0,0.331568,0.129944,6,X,16,1,0,0,0,1212,79,17,278,838
small-10-aa-RV100-BBA0039,0.3-0.4,0,0.331568,0.129944,6,X,19,2,0,0,0,1212,87,6,249,870
small-10-aa-RV100-BBA0039,0.3-0.4,0,0.331568,0.129944,6,X,20,3,0,0,0,1212,64,23,263,862
small-10-aa-RV100-BBA0039,0.3-0.4,0,0.331568,0.129944,6,X,19,4,0,0,0,1212,87,22,305,798
small-10-aa-RV100-BBA0039,0.3-0.4,0,0.360505,0.049125,16,X,17,0,38,0,0,3042,245,44,730,2061
small-10-aa-RV100-BBA0039,0.3-0.4,0,0.360505,0.049125,16,X,19,1,38,0,0,3042,247,27,764,2042
small-10-aa-RV100-BBA0039,0.3-0.4,0,0.360505,0.049125,16,X,21,2,38,0,0,3042,273,25,742,2040
small-10-aa-RV100-BBA0039,0.3-0.4,0,0.360505,0.049125,16,X,23,3,38,0,0,3042,219,49,762,2050
small-10-aa-RV100-BBA0039,0.3-0.4,0,0.360505,0.049125,16,X,20,4,38,0,0,3042,177,28,727,2148
small-10-aa-RV100-BBA0039,0.3-0.4,0,0.381935,0.089325,300,X,18,0,7,0,0,60423,3889,945,13800,41796
small-10-aa-RV100-BBA0039,0.3-0.4,0,0.381935,0.089325,300,X,17,1,7,0,0,60423,3834,923,14139,41534
small-10-aa-RV100-BBA0039,0.3-0.4,0,0.381935,0.089325,300,X,18,2,7,0,0,60423,4040,948,13637,41805
small-10-aa-RV100-BBA0039,0.3-0.4,0,0.381935,0.089325,300,X,18,3,7,0,0,60423,4051,929,13934,41516
small-10-aa-RV100-BBA0039,0.3-0.4,0,0.381935,0.089325,300,X,23,4,7,0,0,60423,3964,1181,13638,41647
small-10-aa-RV100-BBA0039,0.3-0.4,1,0.3128,0.222584,4,X,20,0,0,0,0,808,53,6,188,561
small-10-aa-RV100-BBA0039,0.3-0.4,1,0.3128,0.222584,4,X,18,1,0,0,0,808,8,195,47,558
small-10-aa-RV100-BBA0039,0.3-0.4,1,0.3128,0.222584,4,X,19,2,0,0,0,808,56,7,166,579
small-10-aa-RV100-BBA0039,0.3-0.4,1,0.3128,0.222584,4,X,18,3,0,0,0,808,31,82,121,574
small-10-aa-RV100-BBA0039,0.3-0.4,1,0.3128,0.222584,4,X,19,4,0,0,0,808,4,152,28,624
small-10-aa-RV100-BBA0039,0.3-0.4,1,0.337129,0.244888,5,X,18,0,0,0,0,1010,22,132,126,730
small-10-aa-RV100-BBA0039,0.3-0.4,1,0.337129,0.244888,5,X,24,1,0,0,0,1010,10,177,120,703
small-10-aa-RV100-BBA0039,0.3-0.4,1,0.337129,0.244888,5,X,21,2,0,0,0,1010,34,13,243,720
small-10-aa-RV100-BBA0039,0.3-0.4,1,0.337129,0.244888,5,X,18,3,0,0,0,1010,56,11,197,746
small-10-aa-RV100-BBA0039,0.3-0.4,1,0.337129,0.244888,5,X,17,4,0,0,0,1010,65,10,258,677
small-10-aa-RV100-BBA0039,0.3-0.4,1,0.381935,0.088525,295,X,22,0,7,0,0,59413,3909,857,13475,41179
small-10-aa-RV100-BBA0039,0.3-0.4,1,0.381935,0.088525,295,X,23,1,7,0,0,59413,3916,1021,13436,41047
small-10-aa-RV100-BBA0039,0.3-0.4,1,0.381935,0.088525,295,X,20,2,7,0,0,59413,3962,833,13538,41087
small-10-aa-RV100-BBA0039,0.3-0.4,1,0.381935,0.088525,295,X,22,3,7,0,0,59413,4079,849,13921,40571
small-10-aa-RV100-BBA0039,0.3-0.4,1,0.381935,0.088525,295,X,21,4,7,0,0,59413,4047,754,13767,40852
small-10-aa-RV100-BBA0039,0.3-0.4,2,0.308846,0.308846,2,X,19,0,0,0,0,394,0,116,0,278
small-10-aa-RV100-BBA0039,0.3-0.4,2,0.308846,0.308846,2,X,22,1,0,0,0,394,0,92,0,302
small-10-aa-RV100-BBA0039,0.3-0.4,2,0.308846,0.308846,2,X,17,2,0,0,0,394,0,86,0,308
small-10-aa-RV100-BBA0039,0.3-0.4,2,0.308846,0.308846,2,X,21,3,0,0,0,394,0,118,0,276
small-10-aa-RV100-BBA0039,0.3-0.4,2,0.308846,0.308846,2,X,23,4,0,0,0,394,0,103,0,291
small-10-aa-RV100-BBA0039,0.3-0.4,2,0.332385,0.241739,5,X,20,0,0,0,0,1005,68,13,243,681
small-10-aa-RV100-BBA0039,0.3-0.4,2,0.332385,0.241739,5,X,17,1,0,0,0,1005,55,14,214,722
small-10-aa-RV100-BBA0039,0.3-0.4,2,0.332385,0.241739,5,X,19,2,0,0,0,1005,47,12,193,753
small-10-aa-RV100-BBA0039,0.3-0.4,2,0.332385,0.241739,5,X,17,3,0,0,0,1005,84,4,224,693
small-10-aa-RV100-BBA0039,0.3-0.4,2,0.332385,0.241739,5,X,25,4,0,0,0,1005,51,25,215,714
small-10-aa-RV100-BBA0039,0.3-0.4,2,0.381935,0.074474,235,X,20,0,2,0,0,47298,3036,1063,10603,32598
small-10-aa-RV100-BBA0039,0.3-0.4,2,0.381935,0.074474,235,X,20,1,2,0,0,47298,2910,1071,10426,32893
small-10-aa-RV100-BBA0039,0.3-0.4,2,0.381935,0.074474,235,X,18,2,2,0,0,47298,3159,623,11237,32281
small-10-aa-RV100-BBA0039,0.3-0.4,2,0.381935,0.074474,235,X,21,3,2,0,0,47298,3350,837,10782,32331
small-10-aa-RV100-BBA0039,0.3-0.4,2,0.381935,0.074474,235,X,20,4,2,0,0,47298,3064,801,10756,32679
small-10-aa-RV100-BBA0039,0.3-0.4,3,0.335,0.1675,4,X,16,0,0,0,0,808,39,13,150,606
small-10-aa-RV100-BBA0039,0.3-0.4,3,0.335,0.1675,4,X,21,1,0,0,0,808,17,85,124,582
small-10-aa-RV100-BBA0039,0.3-0.4,3,0.335,0.1675,4,X,19,2,0,0,0,808,29,45,156,578
small-10-aa-RV100-BBA0039,0.3-0.4,3,0.335,0.1675,4,X,19,3,0,0,0,808,18,129,81,580
small-10-aa-RV100-BBA0039,0.3-0.4,3,0.335,0.1675,4,X,19,4,0,0,0,808,15,188,46,559
small-10-aa-RV100-BBA0039,0.3-0.4,3,0.381935,0.06028,109,X,21,0,0,0,0,21919,1404,565,4940,15010
small-10-aa-RV100-BBA0039,0.3-0.4,3,0.381935,0.06028,109,X,19,1,0,0,0,21919,1313,381,5073,15152
small-10-aa-RV100-BBA0039,0.3-0.4,3,0.381935,0.06028,109,X,20,2,0,0,0,21919,1387,377,4964,15191
small-10-aa-RV100-BBA0039,0.3-0.4,3,0.381935,0.06028,109,X,20,3,0,0,0,21919,1434,378,5013,15094
small-10-aa-RV100-BBA0039,0.3-0.4,3,0.381935,0.06028,109,X,18,4,0,0,0,21919,1357,432,4860,15270
small-10-aa-RV100-BBA0039,0.3-0.4,4,0.381935,0.055281,99,X,22,0,0,0,0,19913,1199,514,4501,13699
small-10-aa-RV100-BBA0039,0.3-0.4,4,0.381935,0.055281,99,X,18,1,0,0,0,19913,1281,411,4497,13724
small-10-aa-RV100-BBA0039,0.3-0.4,4,0.381935,0.055281,99,X,21,2,0,0,0,19913,1274,353,4643,13643
small-10-aa-RV100-BBA0039,0.3-0.4,4,0.381935,0.055281,99,X,17,3,0,0,0,19913,1165,577,4325,13846
small-10-aa-RV100-BBA0039,0.3-0.4,4,0.381935,0.055281,99,X,21,4,0,0,0,19913,1278,442,4648,13545
small-10-aa-RV100-BBA0039,0.3-0.4,5,0.380496,0.114068,20,X,18,0,0,0,0,3663,234,112,939,2378
small-10-aa-RV100-BBA0039,0.3-0.4,5,0.380496,0.114068,20,X,23,1,0,0,0,3663,304,36,940,2383
small-10-aa-RV100-BBA0039,0.3-0.4,5,0.380496,0.114068,20,X,19,2,0,0,0,3663,263,145,888,2367
small-10-aa-RV100-BBA0039,0.3-0.4,5,0.380496,0.114068,20,X,18,3,0,0,0,3663,269,50,920,2424
small-10-aa-RV100-BBA0039,0.3-0.4,5,0.380496,0.114068,20,X,18,4,0,0,0,3663,227,38,933,2465
small-10-aa-RV100-BBA0039,0.3-0.4,6,0.386342,0.083511,18,X,18,0,0,0,0,3636,197,85,830,2524
small-10-aa-RV100-BBA0039,0.3-0.4,6,0.386342,0.083511,18,X,19,1,0,0,0,3636,218,50,807,2561
small-10-aa-RV100-BBA0039,0.3-0.4,6,0.386342,0.083511,18,X,19,2,0,0,0,3636,236,32,893,2475
small-10-aa-RV100-BBA0039,0.3-0.4,6,0.386342,0.083511,18,X,21,3,0,0,0,3636,218,112,780,2526
small-10-aa-RV100-BBA0039,0.3-0.4,6,0.386342,0.083511,18,X,15,4,0,0,0,3636,260,46,920,2410
small-10-aa-RV100-BBA0039,0.3-0.4,7,0.386342,0.084592,17,X,20,0,0,0,0,3434,206,30,781,2417
small-10-aa-RV100-BBA0039,0.3-0.4,7,0.386342,0.084592,17,X,21,1,0,0,0,3434,241,27,846,2320
small-10-aa-RV100-BBA0039,0.3-0.4,7,0.386342,0.084592,17,X,19,2,0,0,0,3434,225,46,804,2359
small-10-aa-RV100-BBA0039,0.3-0.4,7,0.386342,0.084592,17,X,18,3,0,0,0,3434,211,34,769,2420
small-10-aa-RV100-BBA0039,0.3-0.4,7,0.386342,0.084592,17,X,19,4,0,0,0,3434,242,27,818,2347
small-10-aa-RV100-BBA0039,0.3-0.4,8,0.386342,0.081846,16,X,18,0,0,0,0,3232,196,22,747,2267
small-10-aa-RV100-BBA0039,0.3-0.4,8,0.386342,0.081846,16,X,20,1,0,0,0,3232,157,61,775,2239
small-10-aa-RV100-BBA0039,0.3-0.4,8,0.386342,0.081846,16,X,17,2,0,0,0,3232,230,32,770,2200
small-10-aa-RV100-BBA0039,0.3-0.4,8,0.386342,0.081846,16,X,21,3,0,0,0,3232,205,46,766,2215
small-10-aa-RV100-BBA0039,0.3-0.4,8,0.386342,0.081846,16,X,23,4,0,0,0,3232,210,26,732,2264
small-10-aa-RV100-BBA0039,0.3-0.4,9,0.386342,0.085558,15,X,19,0,0,0,0,3030,217,26,694,2093
small-10-aa-RV100-BBA0039,0.3-0.4,9,0.386342,0.085558,15,X,19,1,0,0,0,3030,161,51,698,2120
small-10-aa-RV100-BBA0039,0.3-0.4,9,0.386342,0.085558,15,X,22,2,0,0,0,3030,152,25,659,2194
small-10-aa-RV100-BBA0039,0.3-0.4,9,0.386342,0.085558,15,X,23,3,0,0,0,3030,212,36,752,2030
small-10-aa-RV100-BBA0039,0.3-0.4,9,0.386342,0.085558,15,X,21,4,0,0,0,3030,214,45,723,2048
small-10-aa-RV100-BBA0039,0.4-0.5,0,0.400619,0.120073,7,X,18,0,0,0,0,1191,103,21,343,724
small-10-aa-RV100-BBA0039,0.4-0.5,0,0.400619,0.120073,7,X,21,1,0,0,0,1191,87,13,324,767
small-10-aa-RV100-BBA0039,0.4-0.5,0,0.400619,0.120073,7,X,20,2,0,0,0,1191,86,21,350,734
small-10-aa-RV100-BBA0039,0.4-0.5,0,0.400619,0.120073,7,X,17,3,0,0,0,1191,112,16,323,740
small-10-aa-RV100-BBA0039,0.4-0.5,0,0.400619,0.120073,7,X,19,4,0,0,0,1191,95,11,336,749
small-10-aa-RV100-BBA0039,0.4-0.5,0,0.447998,0.105871,15,X,20,0,0,0,0,3030,195,40,737,2058
small-10-aa-RV100-BBA0039,0.4-0.5,0,0.447998,0.105871,15,X,17,1,0,0,0,3030,163,67,729,2071
small-10-aa-RV100-BBA0039,0.4-0.5,0,0.447998,0.105871,15,X,20,2,0,0,0,3030,161,41,725,2103
small-10-aa-RV100-BBA0039,0.4-0.5,0,0.447998,0.105871,15,X,21,3,0,0,0,3030,183,26,732,2089
small-10-aa-RV100-BBA0039,0.4-0.5,0,0.447998,0.105871,15,X,18,4,0,0,0,3030,150,51,640,2189
small-10-aa-RV100-BBA0039,0.4-0.5,0,0.451842,0.228301,25,X,20,0,0,0,0,5050,334,51,1194,3471
small-10-aa-RV100-BBA0039,0.4-0.5,0,0.451842,0.228301,25,X,19,1,0,0,0,5050,318,58,1197,3477
small-10-aa-RV100-BBA0039,0.4-0.5,0,0.451842,0.228301,25,X,17,2,0,0,0,5050,344,32,1203,3471
small-10-aa-RV100-BBA0039,0.4-0.5,0,0.451842,0.228301,25,X,22,3,0,0,0,5050,325,78,1229,3418
small-10-aa-RV100-BBA0039,0.4-0.5,0,0.451842,0.228301,25,X,19,4,0,0,0,5050,272,75,1240,3463
small-10-aa-RV100-BBA0039,0.4-0.5,0,0.49559,0.138891,41,X,21,0,0,0,0,8231,492,157,1863,5719
small-10-aa-RV100-BBA0039,0.4-0.5,0,0.49559,0.138891,41,X,20,1,0,0,0,8231,514,123,1960,5634
small-10-aa-RV100-BBA0039,0.4-0.5,0,0.49559,0.138891,41,X,16,2,0,0,0,8231,428,198,1759,5846
small-10-aa-RV100-BBA0039,0.4-0.5,0,0.49559,0.138891,41,X,20,3,0,0,0,8231,423,149,1796,5863
small-10-aa-RV100-BBA0039,0.4-0.5,0,0.49559,0.138891,41,X,22,4,0,0,0,8231,448,162,1865,5756
small-10-aa-RV100-BBA0039,0.4-0.5,1,0.412895,0.412895,2,X,21,0,0,0,0,404,0,83,0,321
small-10-aa-RV100-BBA0039,0.4-0.5,1,0.412895,0.412895,2,X,20,1,0,0,0,404,0,108,0,296
small-10-aa-RV100-BBA0039,0.4-0.5,1,0.412895,0.412895,2,X,23,2,0,0,0,404,0,100,0,304
small-10-aa-RV100-BBA0039,0.4-0.5,1,0.412895,0.412895,2,X,20,3,0,0,0,404,0,93,0,311
small-10-aa-RV100-BBA0039,0.4-0.5,1,0.412895,0.412895,2,X,18,4,0,0,0,404,0,107,0,297
small-10-aa-RV100-BBA0039,0.4-0.5,1,0.43888,0.222598,12,X,19,0,0,0,0,2424,138,27,625,1634
small-10-aa-RV100-BBA0039,0.4-0.5,1,0.43888,0.222598,12,X,17,1,0,0,0,2424,140,54,593,1637
small-10-aa-RV100-BBA0039,0.4-0.5,1,0.43888,0.222598,12,X,22,2,0,0,0,2424,143,15,581,1685
small-10-aa-RV100-BBA0039,0.4-0.5,1,0.43888,0.222598,12,X,18,3,0,0,0,2424,130,39,551,1704
small-10-aa-RV100-BBA0039,0.4-0.5,1,0.43888,0.222598,12,X,16,4,0,0,0,2424,134,22,595,1673
small-10-aa-RV100-BBA0039,0.4-0.5,1,0.451842,0.226502,23,X,21,0,0,0,0,4646,264,82,1055,3245
small-10-aa-RV100-BBA0039,0.4-0.5,1,0.451842,0.226502,23,X,18,1,0,0,0,4646,310,87,987,3262
small-10-aa-RV100-BBA0039,0.4-0.5,1,0.451842,0.226502,23,X,21,2,0,0,0,4646,268,62,1146,3170
small-10-aa-RV100-BBA0039,0.4-0.5,1,0.451842,0.226502,23,X,18,3,0,0,0,4646,209,96,1041,3300
small-10-aa-RV100-BBA0039,0.4-0.5,1,0.451842,0.226502,23,X,19,4,0,0,0,4646,307,30,1097,3212
small-10-aa-RV100-BBA0039,0.4-0.5,1,0.496583,0.331056,3,X,20,0,73,0,0,530,62,71,91,379
small-10-aa-RV100-BBA0039,0.4-0.5,1,0.496583,0.331056,3,X,21,1,73,0,0,530,11,93,82,417
small-10-aa-RV100-BBA0039,0.4-0.5,1,0.496583,0.331056,3,X,22,2,73,0,0,530,54,47,96,406
small-10-aa-RV100-BBA0039,0.4-0.5,1,0.496583,0.331056,3,X,18,3,73,0,0,530,41,96,43,423
small-10-aa-RV100-BBA0039,0.4-0.5,1,0.496583,0.331056,3,X,20,4,73,0,0,530,3,124,24,452
small-10-aa-RV100-BBA0039,0.4-0.5,2,0.402837,0.402837,2,X,21,0,0,0,0,404,0,88,0,316
small-10-aa-RV100-BBA0039,0.4-0.5,2,0.402837,0.402837,2,X,22,1,0,0,0,404,0,113,0,291
small-10-aa-RV100-BBA0039,0.4-0.5,2,0.402837,0.402837,2,X,16,2,0,0,0,404,0,80,0,324
small-10-aa-RV100-BBA0039,0.4-0.5,2,0.402837,0.402837,2,X,21,3,0,0,0,404,0,91,0,313
small-10-aa-RV100-BBA0039,0.4-0.5,2,0.402837,0.402837,2,X,20,4,0,0,0,404,0,97,0,307
small-10-aa-RV100-BBA0039,0.4-0.5,2,0.449306,0.34148,3,X,20,0,0,0,0,592,6,92,48,446
small-10-aa-RV100-BBA0039,0.4-0.5,2,0.449306,0.34148,3,X,20,1,0,0,0,592,19,133,45,395
small-10-aa-RV100-BBA0039,0.4-0.5,2,0.449306,0.34148,3,X,18,2,0,0,0,592,9,34,106,443
small-10-aa-RV100-BBA0039,0.4-0.5,2,0.449306,0.34148,3,X,20,3,0,0,0,592,0,135,0,457
small-10-aa-RV100-BBA0039,0.4-0.5,2,0.449306,0.34148,3,X,16,4,0,0,0,592,4,138,35,415
small-10-aa-RV100-BBA0039,0.4-0.5,2,0.455111,0.123032,21,X,20,0,0,0,0,3863,252,69,915,2627
small-10-aa-RV100-BBA0039,0.4-0.5,2,0.455111,0.123032,21,X,21,1,0,0,0,3863,275,49,1005,2534
small-10-aa-RV100-BBA0039,0.4-0.5,2,0.455111,0.123032,21,X,20,2,0,0,0,3863,249,45,984,2585
small-10-aa-RV100-BBA0039,0.4-0.5,2,0.455111,0.123032,21,X,15,3,0,0,0,3863,184,185,841,2653
small-10-aa-RV100-BBA0039,0.4-0.5,2,0.455111,0.123032,21,X,19,4,0,0,0,3863,203,46,965,2649
small-10-aa-RV100-BBA0039,0.4-0.5,2,0.487865,0.487865,2,X,21,0,0,0,0,404,0,93,0,311
small-10-aa-RV100-BBA0039,0.4-0.5,2,0.487865,0.487865,2,X,18,1,0,0,0,404,0,95,0,309
small-10-aa-RV100-BBA0039,0.4-0.5,2,0.487865,0.487865,2,X,19,2,0,0,0,404,0,92,0,312
small-10-aa-RV100-BBA0039,0.4-0.5,2,0.487865,0.487865,2,X,15,3,0,0,0,404,0,123,0,281
small-10-aa-RV100-BBA0039,0.4-0.5,2,0.487865,0.487865,2,X,20,4,0,0,0,404,0,95,0,309
small-10-aa-RV100-BBA0039,0.4-0.5,3,0.435414,0.435414,2,X,21,0,0,0,0,404,0,87,0,317
small-10-aa-RV100-BBA0039,0.4-0.5,3,0.435414,0.435414,2,X,20,1,0,0,0,404,0,79,0,325
small-10-aa-RV100-BBA0039,0.4-0.5,3,0.435414,0.435414,2,X,19,2,0,0,0,404,0,90,0,314
small-10-aa-RV100-BBA0039,0.4-0.5,3,0.435414,0.435414,2,X,23,3,0,0,0,404,0,106,0,298
small-10-aa-RV100-BBA0039,0.4-0.5,3,0.435414,0.435414,2,X,21,4,0,0,0,404,0,81,0,323
small-10-aa-RV100-BBA0039,0.4-0.5,3,0.46764,0.172638,7,X,23,0,0,0,0,1116,0,0,0,0
small-10-aa-RV100-BBA0039,0.4-0.5,3,0.46764,0.172638,7,X,19,1,0,0,0,1116,35,184,78,819
small-10-aa-RV100-BBA0039,0.4-0.5,3,0.46764,0.172638,7,X,19,2,0,0,0,1116,118,10,340,648
small-10-aa-RV100-BBA0039,0.4-0.5,3,0.46764,0.172638,7,X,20,3,0,0,0,1116,114,53,302,647
small-10-aa-RV100-BBA0039,0.4-0.5,3,0.46764,0.172638,7,X,18,4,0,0,0,1116,37,214,150,715
small-10-aa-RV100-BBA0039,0.4-0.5,3,0.49087,0.49087,2,X,19,0,0,0,0,401,0,114,0,287
small-10-aa-RV100-BBA0039,0.4-0.5,3,0.49087,0.49087,2,X,18,1,0,0,0,401,0,98,0,303
small-10-aa-RV100-BBA0039,0.4-0.5,3,0.49087,0.49087,2,X,16,2,0,0,0,401,0,78,0,323
small-10-aa-RV100-BBA0039,0.4-0.5,3,0.49087,0.49087,2,X,19,3,0,0,0,401,0,91,0,310
small-10-aa-RV100-BBA0039,0.4-0.5,3,0.49087,0.49087,2,X,18,4,0,0,0,401,0,104,0,297
small-10-aa-RV100-BBA0039,0.5-0.6,0,0.51455,0.146294,23,X,19,0,0,0,0,4265,284,73,1139,2769
small-10-aa-RV100-BBA0039,0.5-0.6,0,0.51455,0.146294,23,X,18,1,0,0,0,4265,316,42,1113,2794
small-10-aa-RV100-BBA0039,0.5-0.6,0,0.51455,0.146294,23,X,23,2,0,0,0,4265,202,57,1092,2914
small-10-aa-RV100-BBA0039,0.5-0.6,0,0.51455,0.146294,23,X,22,3,0,0,0,4265,277,107,1079,2802
small-10-aa-RV100-BBA0039,0.5-0.6,0,0.51455,0.146294,23,X,19,4,0,0,0,4265,285,63,1038,2879
small-10-aa-RV100-BBA0039,0.5-0.6,0,0.547264,0.152685,17,X,16,0,0,0,0,3417,247,36,869,2265
small-10-aa-RV100-BBA0039,0.5-0.6,0,0.547264,0.152685,17,X,18,1,0,0,0,3417,235,36,823,2323
small-10-aa-RV100-BBA0039,0.5-0.6,0,0.547264,0.152685,17,X,22,2,0,0,0,3417,260,30,850,2277
small-10-aa-RV100-BBA0039,0.5-0.6,0,0.547264,0.152685,17,X,15,3,0,0,0,3417,242,26,725,2424
small-10-aa-RV100-BBA0039,0.5-0.6,0,0.547264,0.152685,17,X,19,4,0,0,0,3417,211,38,856,2312
small-10-aa-RV100-BBA0039,0.5-0.6,0,0.563197,0.097595,13,X,17,0,75,0,0,2547,160,43,595,1824
small-10-aa-RV100-BBA0039,0.5-0.6,0,0.563197,0.097595,13,X,22,1,75,0,0,2547,184,40,577,1821
small-10-aa-RV100-BBA0039,0.5-0.6,0,0.563197,0.097595,13,X,21,2,75,0,0,2547,235,21,563,1803
small-10-aa-RV100-BBA0039,0.5-0.6,0,0.563197,0.097595,13,X,22,3,75,0,0,2547,195,21,593,1813
small-10-aa-RV100-BBA0039,0.5-0.6,0,0.563197,0.097595,13,X,18,4,75,0,0,2547,152,47,615,1808
small-10-aa-RV100-BBA0039,0.5-0.6,0,0.596702,0.112612,341,X,20,0,7,0,0,68654,4575,1105,15895,47086
small-10-aa-RV100-BBA0039,0.5-0.6,0,0.596702,0.112612,341,X,18,1,7,0,0,68654,4530,1004,15678,47449
small-10-aa-RV100-BBA0039,0.5-0.6,0,0.596702,0.112612,341,X,18,2,7,0,0,68654,4864,1188,15999,46610
small-10-aa-RV100-BBA0039,0.5-0.6,0,0.596702,0.112612,341,X,18,3,7,0,0,68654,4556,1032,16027,47046
small-10-aa-RV100-BBA0039,0.5-0.6,0,0.596702,0.112612,341,X,20,4,7,0,0,68654,4440,1275,15627,47319
small-10-aa-RV100-BBA0039,0.5-0.6,1,0.502316,0.112579,9,X,17,0,73,0,0,1742,156,16,474,1169
small-10-aa-RV100-BBA0039,0.5-0.6,1,0.502316,0.112579,9,X,19,1,73,0,0,1742,99,10,412,1294
small-10-aa-RV100-BBA0039,0.5-0.6,1,0.502316,0.112579,9,X,19,2,73,0,0,1742,130,31,468,1186
small-10-aa-RV100-BBA0039,0.5-0.6,1,0.502316,0.112579,9,X,18,3,73,0,0,1742,203,14,420,1178
small-10-aa-RV100-BBA0039,0.5-0.6,1,0.502316,0.112579,9,X,19,4,73,0,0,1742,145,20,499,1151
small-10-aa-RV100-BBA0039,0.5-0.6,1,0.539127,0.299305,16,X,22,0,0,0,0,3232,189,26,713,2304
small-10-aa-RV100-BBA0039,0.5-0.6,1,0.539127,0.299305,16,X,20,1,0,0,0,3232,247,20,739,2226
small-10-aa-RV100-BBA0039,0.5-0.6,1,0.539127,0.299305,16,X,21,2,0,0,0,3232,174,94,774,2190
small-10-aa-RV100-BBA0039,0.5-0.6,1,0.539127,0.299305,16,X,19,3,0,0,0,3232,229,53,750,2200
small-10-aa-RV100-BBA0039,0.5-0.6,1,0.539127,0.299305,16,X,18,4,0,0,0,3232,229,38,766,2199
small-10-aa-RV100-BBA0039,0.5-0.6,1,0.563197,0.098893,12,X,20,0,75,0,0,2345,176,42,537,1665
small-10-aa-RV100-BBA0039,0.5-0.6,1,0.563197,0.098893,12,X,18,1,75,0,0,2345,226,17,557,1620
small-10-aa-RV100-BBA0039,0.5-0.6,1,0.563197,0.098893,12,X,17,2,75,0,0,2345,263,24,566,1567
small-10-aa-RV100-BBA0039,0.5-0.6,1,0.563197,0.098893,12,X,21,3,75,0,0,2345,115,131,428,1746
small-10-aa-RV100-BBA0039,0.5-0.6,1,0.563197,0.098893,12,X,22,4,75,0,0,2345,125,69,536,1690
small-10-aa-RV100-BBA0039,0.5-0.6,1,0.581547,0.441407,6,X,19,0,0,0,0,1184,69,47,277,791
small-10-aa-RV100-BBA0039,0.5-0.6,1,0.581547,0.441407,6,X,21,1,0,0,0,1184,89,13,314,768
small-10-aa-RV100-BBA0039,0.5-0.6,1,0.581547,0.441407,6,X,18,2,0,0,0,1184,68,43,247,826
small-10-aa-RV100-BBA0039,0.5-0.6,1,0.581547,0.441407,6,X,21,3,0,0,0,1184,87,7,291,799
small-10-aa-RV100-BBA0039,0.5-0.6,1,0.581547,0.441407,6,X,21,4,0,0,0,1184,79,9,293,803
small-10-aa-RV100-BBA0039,0.5-0.6,2,0.502316,0.1266,8,X,22,0,73,0,0,1540,54,51,401,1107
small-10-aa-RV100-BBA0039,0.5-0.6,2,0.502316,0.1266,8,X,18,1,73,0,0,1540,111,40,373,1089
small-10-aa-RV100-BBA0039,0.5-0.6,2,0.502316,0.1266,8,X,21,2,73,0,0,1540,143,15,349,1106
small-10-aa-RV100-BBA0039,0.5-0.6,2,0.502316,0.1266,8,X,20,3,73,0,0,1540,127,15,354,1117
small-10-aa-RV100-BBA0039,0.5-0.6,2,0.502316,0.1266,8,X,22,4,73,0,0,1540,143,11,395,1064
small-10-aa-RV100-BBA0039,0.5-0.6,2,0.533451,0.286732,10,X,18,0,0,0,0,1999,149,17,528,1305
small-10-aa-RV100-BBA0039,0.5-0.6,2,0.533451,0.286732,10,X,18,1,0,0,0,1999,124,19,465,1391
small-10-aa-RV100-BBA0039,0.5-0.6,2,0.533451,0.286732,10,X,17,2,0,0,0,1999,131,36,487,1345
small-10-aa-RV100-BBA0039,0.5-0.6,2,0.533451,0.286732,10,X,20,3,0,0,0,1999,85,149,364,1401
small-10-aa-RV100-BBA0039,0.5-0.6,2,0.533451,0.286732,10,X,16,4,0,0,0,1999,134,18,465,1382
small-10-aa-RV100-BBA0039,0.5-0.6,2,0.562501,0.24201,7,X,16,0,0,0,0,1407,88,12,346,961
small-10-aa-RV100-BBA0039,0.5-0.6,2,0.562501,0.24201,7,X,20,1,0,0,0,1407,108,9,354,936
small-10-aa-RV100-BBA0039,0.5-0.6,2,0.562501,0.24201,7,X,19,2,0,0,0,1407,78,40,299,990
small-10-aa-RV100-BBA0039,0.5-0.6,2,0.562501,0.24201,7,X,20,3,0,0,0,1407,89,12,339,967
small-10-aa-RV100-BBA0039,0.5-0.6,2,0.562501,0.24201,7,X,19,4,0,0,0,1407,77,5,352,973
small-10-aa-RV100-BBA0039,0.5-0.6,3,0.502316,0.144608,7,X,19,0,73,0,0,1338,80,95,228,1008
small-10-aa-RV100-BBA0039,0.5-0.6,3,0.502316,0.144608,7,X,22,1,73,0,0,1338,148,11,349,903
small-10-aa-RV100-BBA0039,0.5-0.6,3,0.502316,0.144608,7,X,20,2,73,0,0,1338,113,15,332,951
small-10-aa-RV100-BBA0039,0.5-0.6,3,0.502316,0.144608,7,X,21,3,73,0,0,1338,159,41,283,928
small-10-aa-RV100-BBA0039,0.5-0.6,3,0.502316,0.144608,7,X,20,4,73,0,0,1338,179,10,355,867
small-10-aa-RV100-BBA0039,0.5-0.6,3,0.525785,0.175263,6,X,22,0,22,0,0,688,0,0,0,0
small-10-aa-RV100-BBA0039,0.5-0.6,3,0.525785,0.175263,6,X,21,1,22,0,0,688,0,0,0,0
small-10-aa-RV100-BBA0039,0.5-0.6,3,0.525785,0.175263,6,X,16,2,22,0,0,688,0,0,0,0
small-10-aa-RV100-BBA0039,0.5-0.6,3,0.525785,0.175263,6,X,19,3,22,0,0,688,0,0,0,0
small-10-aa-RV100-BBA0039,0.5-0.6,3,0.525785,0.175263,6,X,20,4,22,0,0,688,0,0,0,0
small-10-aa-RV100-BBA0039,0.5-0.6,3,0.566937,0.431066,4,X,16,0,0,0,0,808,29,39,149,591
small-10-aa-RV100-BBA0039,0.5-0.6,3,0.566937,0.431066,4,X,21,1,0,0,0,808,8,118,78,604
small-10-aa-RV100-BBA0039,0.5-0.6,3,0.566937,0.431066,4,X,17,2,0,0,0,808,0,203,0,605
small-10-aa-RV100-BBA0039,0.5-0.6,3,0.566937,0.431066,4,X,22,3,0,0,0,808,23,37,120,628
small-10-aa-RV100-BBA0039,0.5-0.6,3,0.566937,0.431066,4,X,20,4,0,0,0,808,28,114,131,535
small-10-aa-RV100-BBA0039,0.5-0.6,4,0.502316,0.168582,6,X,20,0,73,0,0,1136,156,28,266,759
small-10-aa-RV100-BBA0039,0.5-0.6,4,0.502316,0.168582,6,X,17,1,73,0,0,1136,110,22,265,812
small-10-aa-RV100-BBA0039,0.5-0.6,4,0.502316,0.168582,6,X,23,2,73,0,0,1136,109,7,263,830
small-10-aa-RV100-BBA0039,0.5-0.6,4,0.502316,0.168582,6,X,21,3,73,0,0,1136,85,11,294,819
small-10-aa-RV100-BBA0039,0.5-0.6,4,0.502316,0.168582,6,X,16,4,73,0,0,1136,95,23,239,852
small-10-aa-RV100-BBA0039,0.5-0.6,4,0.539899,0.23327,5,X,21,0,1,0,0,1009,92,4,264,650
small-10-aa-RV100-BBA0039,0.5-0.6,4,0.539899,0.23327,5,X,22,1,1,0,0,1009,51,44,222,693
small-10-aa-RV100-BBA0039,0.5-0.6,4,0.539899,0.23327,5,X,23,2,1,0,0,1009,61,16,269,664
small-10-aa-RV100-BBA0039,0.5-0.6,4,0.539899,0.23327,5,X,19,3,1,0,0,1009,42,116,169,683
small-10-aa-RV100-BBA0039,0.5-0.6,4,0.539899,0.23327,5,X,19,4,1,0,0,1009,52,20,268,670
small-10-aa-RV100-BBA0039,0.5-0.6,4,0.564477,0.564477,2,X,16,0,0,0,0,402,0,118,0,284
small-10-aa-RV100-BBA0039,0.5-0.6,4,0.564477,0.564477,2,X,21,1,0,0,0,402,0,91,0,311
small-10-aa-RV100-BBA0039,0.5-0.6,4,0.564477,0.564477,2,X,19,2,0,0,0,402,0,98,0,304
small-10-aa-RV100-BBA0039,0.5-0.6,4,0.564477,0.564477,2,X,19,3,0,0,0,402,0,112,0,290
small-10-aa-RV100-BBA0039,0.5-0.6,4,0.564477,0.564477,2,X,19,4,0,0,0,402,0,94,0,308
small-10-aa-RV100-BBA0039,0.5-0.6,5,0.502316,0.202069,5,X,21,0,73,0,0,934,105,40,192,670
small-10-aa-RV100-BBA0039,0.5-0.6,5,0.502316,0.202069,5,X,18,1,73,0,0,934,91,23,224,669
small-10-aa-RV100-BBA0039,0.5-0.6,5,0.502316,0.202069,5,X,20,2,73,0,0,934,104,8,271,624
small-10-aa-RV100-BBA0039,0.5-0.6,5,0.502316,0.202069,5,X,20,3,73,0,0,934,31,80,160,736
small-10-aa-RV100-BBA0039,0.5-0.6,5,0.502316,0.202069,5,X,18,4,73,0,0,934,79,40,189,699
small-10-aa-RV100-BBA0039,0.5-0.6,5,0.539899,0.359933,3,X,19,0,1,0,0,605,5,113,48,440
small-10-aa-RV100-BBA0039,0.5-0.6,5,0.539899,0.359933,3,X,18,1,1,0,0,605,5,68,71,462
small-10-aa-RV100-BBA0039,0.5-0.6,5,0.539899,0.359933,3,X,17,2,1,0,0,605,26,6,150,424
small-10-aa-RV100-BBA0039,0.5-0.6,5,0.539899,0.359933,3,X,21,3,1,0,0,605,26,78,67,435
small-10-aa-RV100-BBA0039,0.5-0.6,5,0.539899,0.359933,3,X,21,4,1,0,0,605,24,4,129,449
small-10-aa-RV100-BBA0039,0.5-0.6,6,0.518165,0.345444,3,X,18,0,0,0,0,600,13,168,12,407
small-10-aa-RV100-BBA0039,0.5-0.6,6,0.518165,0.345444,3,X,20,1,0,0,0,600,3,117,26,454
small-10-aa-RV100-BBA0039,0.5-0.6,6,0.518165,0.345444,3,X,20,2,0,0,0,600,12,54,118,416
small-10-aa-RV100-BBA0039,0.5-0.6,6,0.518165,0.345444,3,X,20,3,0,0,0,600,13,40,124,423
small-10-aa-RV100-BBA0039,0.5-0.6,6,0.518165,0.345444,3,X,19,4,0,0,0,600,14,137,29,420
small-10-aa-RV100-BBA0039,0.5-0.6,6,0.539097,0.539097,2,X,21,0,0,0,0,402,0,101,0,301
small-10-aa-RV100-BBA0039,0.5-0.6,6,0.539097,0.539097,2,X,21,1,0,0,0,402,0,103,0,299
small-10-aa-RV100-BBA0039,0.5-0.6,6,0.539097,0.539097,2,X,19,2,0,0,0,402,0,73,0,329
small-10-aa-RV100-BBA0039,0.5-0.6,6,0.539097,0.539097,2,X,19,3,0,0,0,402,0,100,0,302
small-10-aa-RV100-BBA0039,0.5-0.6,6,0.539097,0.539097,2,X,22,4,0,0,0,402,0,102,0,300
small-10-aa-RV100-BBA0039,0.5-0.6,7,0.537766,0.537766,2,X,17,0,0,0,0,396,0,92,0,304
small-10-aa-RV100-BBA0039,0.5-0.6,7,0.537766,0.537766,2,X,19,1,0,0,0,396,0,110,0,286
small-10-aa-RV100-BBA0039,0.5-0.6,7,0.537766,0.537766,2,X,17,2,0,0,0,396,0,106,0,290
small-10-aa-RV100-BBA0039,0.5-0.6,7,0.537766,0.537766,2,X,19,3,0,0,0,396,0,106,0,290
small-10-aa-RV100-BBA0039,0.5-0.6,7,0.537766,0.537766,2,X,21,4,0,0,0,396,0,122,0,274
small-10-aa-RV100-BBA0039,0.6-0.7,0,0.60791,0.078398,52,X,19,0,76,0,0,10401,626,221,2313,7317
small-10-aa-RV100-BBA0039,0.6-0.7,0,0.60791,0.078398,52,X,22,1,76,0,0,10401,656,207,2412,7202
small-10-aa-RV100-BBA0039,0.6-0.7,0,0.60791,0.078398,52,X,20,2,76,0,0,10401,709,242,2322,7204
small-10-aa-RV100-BBA0039,0.6-0.7,0,0.60791,0.078398,52,X,20,3,76,0,0,10401,736,129,2417,7195
small-10-aa-RV100-BBA0039,0.6-0.7,0,0.60791,0.078398,52,X,18,4,76,0,0,10401,666,90,2521,7200
small-10-aa-RV100-BBA0039,0.6-0.7,0,0.638689,0.117046,360,X,21,0,7,0,0,72492,4811,984,16894,49810
small-10-aa-RV100-BBA0039,0.6-0.7,0,0.638689,0.117046,360,X,21,1,7,0,0,72492,4718,1067,17059,49655
small-10-aa-RV100-BBA0039,0.6-0.7,0,0.638689,0.117046,360,X,20,2,7,0,0,72492,4844,1334,16475,49846
small-10-aa-RV100-BBA0039,0.6-0.7,0,0.638689,0.117046,360,X,20,3,7,0,0,72492,4843,1603,16222,49831
small-10-aa-RV100-BBA0039,0.6-0.7,0,0.638689,0.117046,360,X,20,4,7,0,0,72492,4949,1269,16544,49737
small-10-aa-RV100-BBA0039,0.6-0.7,0,0.666449,0.456677,7,X,19,0,0,0,0,1414,77,30,332,975
small-10-aa-RV100-BBA0039,0.6-0.7,0,0.666449,0.456677,7,X,18,1,0,0,0,1414,122,11,403,878
small-10-aa-RV100-BBA0039,0.6-0.7,0,0.666449,0.456677,7,X,20,2,0,0,0,1414,68,7,373,966
small-10-aa-RV100-BBA0039,0.6-0.7,0,0.666449,0.456677,7,X,19,3,0,0,0,1414,99,4,331,980
small-10-aa-RV100-BBA0039,0.6-0.7,0,0.666449,0.456677,7,X,19,4,0,0,0,1414,67,13,332,1002
small-10-aa-RV100-BBA0039,0.6-0.7,0,0.689284,0.102147,81,X,23,0,118,0,0,16203,1077,371,3593,11280
small-10-aa-RV100-BBA0039,0.6-0.7,0,0.689284,0.102147,81,X,18,1,118,0,0,16203,1077,376,3663,11205
small-10-aa-RV100-BBA0039,0.6-0.7,0,0.689284,0.102147,81,X,20,2,118,0,0,16203,1110,287,3819,11105
small-10-aa-RV100-BBA0039,0.6-0.7,0,0.689284,0.102147,81,X,19,3,118,0,0,16203,1099,183,3745,11294
small-10-aa-RV100-BBA0039,0.6-0.7,0,0.689284,0.102147,81,X,19,4,118,0,0,16203,1064,401,3577,11279
small-10-aa-RV100-BBA0039,0.6-0.7,1,0.60791,0.078887,51,X,18,0,76,0,0,10199,695,188,2376,7016
small-10-aa-RV100-BBA0039,0.6-0.7,1,0.60791,0.078887,51,X,19,1,76,0,0,10199,644,193,2364,7074
small-10-aa-RV100-BBA0039,0.6-0.7,1,0.60791,0.078887,51,X,19,2,76,0,0,10199,684,141,2323,7127
small-10-aa-RV100-BBA0039,0.6-0.7,1,0.60791,0.078887,51,X,19,3,76,0,0,10199,692,155,2357,7071
small-10-aa-RV100-BBA0039,0.6-0.7,1,0.60791,0.078887,51,X,23,4,76,0,0,10199,670,190,2298,7117
small-10-aa-RV100-BBA0039,0.6-0.7,1,0.638689,0.117147,359,X,20,0,7,0,0,72290,4938,1036,16625,49698
small-10-aa-RV100-BBA0039,0.6-0.7,1,0.638689,0.117147,359,X,21,1,7,0,0,72290,4761,1178,16612,49746
small-10-aa-RV100-BBA0039,0.6-0.7,1,0.638689,0.117147,359,X,18,2,7,0,0,72290,4799,1405,16533,49560
small-10-aa-RV100-BBA0039,0.6-0.7,1,0.638689,0.117147,359,X,20,3,7,0,0,72290,4518,942,16826,50011
small-10-aa-RV100-BBA0039,0.6-0.7,1,0.638689,0.117147,359,X,17,4,7,0,0,72290,4744,969,16900,49684
small-10-aa-RV100-BBA0039,0.6-0.7,1,0.650596,0.260239,5,X,21,0,24,0,0,923,42,202,69,634
small-10-aa-RV100-BBA0039,0.6-0.7,1,0.650596,0.260239,5,X,19,1,24,0,0,923,88,7,199,653
small-10-aa-RV100-BBA0039,0.6-0.7,1,0.650596,0.260239,5,X,16,2,24,0,0,923,79,8,245,615
small-10-aa-RV100-BBA0039,0.6-0.7,1,0.650596,0.260239,5,X,19,3,24,0,0,923,66,17,251,613
small-10-aa-RV100-BBA0039,0.6-0.7,1,0.650596,0.260239,5,X,19,4,24,0,0,923,107,34,263,543
small-10-aa-RV100-BBA0039,0.6-0.7,1,0.692692,0.303496,33,X,19,0,0,0,0,6638,410,87,1512,4629
small-10-aa-RV100-BBA0039,0.6-0.7,1,0.692692,0.303496,33,X,17,1,0,0,0,6638,433,81,1578,4546
small-10-aa-RV100-BBA0039,0.6-0.7,1,0.692692,0.303496,33,X,17,2,0,0,0,6638,444,79,1571,4544
small-10-aa-RV100-BBA0039,0.6-0.7,1,0.692692,0.303496,33,X,19,3,0,0,0,6638,495,76,1643,4424
small-10-aa-RV100-BBA0039,0.6-0.7,1,0.692692,0.303496,33,X,19,4,0,0,0,6638,386,174,1469,4609
small-10-aa-RV100-BBA0039,0.6-0.7,2,0.60791,0.076652,49,X,18,0,76,0,0,9796,589,234,2200,6849
small-10-aa-RV100-BBA0039,0.6-0.7,2,0.60791,0.076652,49,X,17,1,76,0,0,9796,592,262,2194,6824
small-10-aa-RV100-BBA0039,0.6-0.7,2,0.60791,0.076652,49,X,21,2,76,0,0,9796,623,188,2229,6832
small-10-aa-RV100-BBA0039,0.6-0.7,2,0.60791,0.076652,49,X,20,3,76,0,0,9796,621,160,2248,6843
small-10-aa-RV100-BBA0039,0.6-0.7,2,0.60791,0.076652,49,X,19,4,76,0,0,9796,604,133,2274,6861
small-10-aa-RV100-BBA0039,0.6-0.7,2,0.641758,0.396083,5,X,20,0,0,0,0,1010,14,129,140,727
small-10-aa-RV100-BBA0039,0.6-0.7,2,0.641758,0.396083,5,X,24,1,0,0,0,1010,76,8,237,689
small-10-aa-RV100-BBA0039,0.6-0.7,2,0.641758,0.396083,5,X,22,2,0,0,0,1010,83,9,268,650
small-10-aa-RV100-BBA0039,0.6-0.7,2,0.641758,0.396083,5,X,18,3,0,0,0,1010,34,70,197,709
small-10-aa-RV100-BBA0039,0.6-0.7,2,0.641758,0.396083,5,X,22,4,0,0,0,1010,71,10,253,676
small-10-aa-RV100-BBA0039,0.6-0.7,2,0.692692,0.306927,31,X,25,0,0,0,0,6234,350,59,1317,4508
small-10-aa-RV100-BBA0039,0.6-0.7,2,0.692692,0.306927,31,X,21,1,0,0,0,6234,373,136,1421,4304
small-10-aa-RV100-BBA0039,0.6-0.7,2,0.692692,0.306927,31,X,21,2,0,0,0,6234,394,65,1459,4316
small-10-aa-RV100-BBA0039,0.6-0.7,2,0.692692,0.306927,31,X,23,3,0,0,0,6234,350,110,1396,4378
small-10-aa-RV100-BBA0039,0.6-0.7,2,0.692692,0.306927,31,X,20,4,0,0,0,6234,400,114,1440,4280
small-10-aa-RV100-BBA0039,0.6-0.7,3,0.60791,0.077784,48,X,21,0,76,0,0,9594,615,145,2093,6817
small-10-aa-RV100-BBA0039,0.6-0.7,3,0.60791,0.077784,48,X,19,1,76,0,0,9594,514,226,2328,6602
small-10-aa-RV100-BBA0039,0.6-0.7,3,0.60791,0.077784,48,X,17,2,76,0,0,9594,664,171,2175,6660
small-10-aa-RV100-BBA0039,0.6-0.7,3,0.60791,0.077784,48,X,19,3,76,0,0,9594,663,154,2073,6780
small-10-aa-RV100-BBA0039,0.6-0.7,3,0.60791,0.077784,48,X,18,4,76,0,0,9594,612,147,2280,6631
small-10-aa-RV100-BBA0039,0.6-0.7,3,0.647938,0.431959,3,X,22,0,51,0,0,555,44,87,74,401
small-10-aa-RV100-BBA0039,0.6-0.7,3,0.647938,0.431959,3,X,19,1,51,0,0,555,5,96,59,446
small-10-aa-RV100-BBA0039,0.6-0.7,3,0.647938,0.431959,3,X,20,2,51,0,0,555,61,127,27,391
small-10-aa-RV100-BBA0039,0.6-0.7,3,0.647938,0.431959,3,X,20,3,51,0,0,555,37,41,134,394
small-10-aa-RV100-BBA0039,0.6-0.7,3,0.647938,0.431959,3,X,20,4,51,0,0,555,5,141,38,422
small-10-aa-RV100-BBA0039,0.6-0.7,3,0.687137,0.127561,30,X,21,0,10,0,0,6037,349,120,1291,4287
small-10-aa-RV100-BBA0039,0.6-0.7,3,0.687137,0.127561,30,X,19,1,10,0,0,6037,361,90,1275,4321
small-10-aa-RV100-BBA0039,0.6-0.7,3,0.687137,0.127561,30,X,20,2,10,0,0,6037,374,74,1414,4185
small-10-aa-RV100-BBA0039,0.6-0.7,3,0.687137,0.127561,30,X,17,3,10,0,0,6037,373,90,1373,4211
small-10-aa-RV100-BBA0039,0.6-0.7,3,0.687137,0.127561,30,X,17,4,10,0,0,6037,469,66,1478,4034
small-10-aa-RV100-BBA0039,0.6-0.7,4,0.60791,0.081206,44,X,17,0,76,0,0,8786,543,143,2073,6103
small-10-aa-RV100-BBA0039,0.6-0.7,4,0.60791,0.081206,44,X,20,1,76,0,0,8786,571,172,2054,6065
small-10-aa-RV100-BBA0039,0.6-0.7,4,0.60791,0.081206,44,X,20,2,76,0,0,8786,635,103,1989,6135
small-10-aa-RV100-BBA0039,0.6-0.7,4,0.60791,0.081206,44,X,21,3,76,0,0,8786,558,168,2027,6109
small-10-aa-RV100-BBA0039,0.6-0.7,4,0.60791,0.081206,44,X,20,4,76,0,0,8786,596,222,1994,6050
small-10-aa-RV100-BBA0039,0.6-0.7,4,0.634,0.634,2,X,19,0,0,0,0,382,0,90,0,292
small-10-aa-RV100-BBA0039,0.6-0.7,4,0.634,0.634,2,X,21,1,0,0,0,382,0,123,0,259
small-10-aa-RV100-BBA0039,0.6-0.7,4,0.634,0.634,2,X,21,2,0,0,0,382,0,97,0,285
small-10-aa-RV100-BBA0039,0.6-0.7,4,0.634,0.634,2,X,18,3,0,0,0,382,0,129,0,253
small-10-aa-RV100-BBA0039,0.6-0.7,4,0.634,0.634,2,X,23,4,0,0,0,382,0,96,0,286
small-10-aa-RV100-BBA0039,0.6-0.7,4,0.687137,0.126507,29,X,23,0,7,0,0,5838,388,43,1385,4029
small-10-aa-RV100-BBA0039,0.6-0.7,4,0.687137,0.126507,29,X,18,1,7,0,0,5838,342,54,1393,4056
small-10-aa-RV100-BBA0039,0.6-0.7,4,0.687137,0.126507,29,X,18,2,7,0,0,5838,316,97,1297,4135
small-10-aa-RV100-BBA0039,0.6-0.7,4,0.687137,0.126507,29,X,20,3,7,0,0,5838,387,86,1341,4031
small-10-aa-RV100-BBA0039,0.6-0.7,4,0.687137,0.126507,29,X,20,4,7,0,0,5838,353,63,1333,4096
small-10-aa-RV100-BBA0039,0.6-0.7,5,0.60791,0.081969,43,X,19,0,76,0,0,8584,611,205,2020,5824
small-10-aa-RV100-BBA0039,0.6-0.7,5,0.60791,0.081969,43,X,23,1,76,0,0,8584,549,175,1963,5973
small-10-aa-RV100-BBA0039,0.6-0.7,5,0.60791,0.081969,43,X,19,2,76,0,0,8584,612,162,1975,5911
small-10-aa-RV100-BBA0039,0.6-0.7,5,0.60791,0.081969,43,X,19,3,76,0,0,8584,488,277,1894,6001
small-10-aa-RV100-BBA0039,0.6-0.7,5,0.60791,0.081969,43,X,21,4,76,0,0,8584,490,117,2029,6024
small-10-aa-RV100-BBA0039,0.6-0.7,5,0.686894,0.271062,19,X,18,0,0,0,0,3838,230,38,835,2735
small-10-aa-RV100-BBA0039,0.6-0.7,5,0.686894,0.271062,19,X,17,1,0,0,0,3838,260,40,850,2688
small-10-aa-RV100-BBA0039,0.6-0.7,5,0.686894,0.271062,19,X,21,2,0,0,0,3838,225,35,882,2696
small-10-aa-RV100-BBA0039,0.6-0.7,5,0.686894,0.271062,19,X,17,3,0,0,0,3838,214,45,815,2764
small-10-aa-RV100-BBA0039,0.6-0.7,5,0.686894,0.271062,19,X,18,4,0,0,0,3838,239,38,950,2611
small-10-aa-RV100-BBA0039,0.6-0.7,6,0.60791,0.08191,42,X,19,0,76,0,0,8383,461,132,1881,5985
small-10-aa-RV100-BBA0039,0.6-0.7,6,0.60791,0.08191,42,X,20,1,76,0,0,8383,537,132,1887,5903
small-10-aa-RV100-BBA0039,0.6-0.7,6,0.60791,0.08191,42,X,21,2,76,0,0,8383,558,127,1888,5886
small-10-aa-RV100-BBA0039,0.6-0.7,6,0.60791,0.08191,42,X,23,3,76,0,0,8383,553,128,1985,5793
small-10-aa-RV100-BBA0039,0.6-0.7,6,0.60791,0.08191,42,X,22,4,76,0,0,8383,527,164,1786,5982
small-10-aa-RV100-BBA0039,0.6-0.7,6,0.695524,0.228969,8,X,15,0,0,0,0,1392,111,12,360,909
small-10-aa-RV100-BBA0039,0.6-0.7,6,0.695524,0.228969,8,X,23,1,0,0,0,1392,78,33,375,906
small-10-aa-RV100-BBA0039,0.6-0.7,6,0.695524,0.228969,8,X,19,2,0,0,0,1392,73,86,338,895
small-10-aa-RV100-BBA0039,0.6-0.7,6,0.695524,0.228969,8,X,19,3,0,0,0,1392,148,9,392,843
small-10-aa-RV100-BBA0039,0.6-0.7,6,0.695524,0.228969,8,X,21,4,0,0,0,1392,68,53,284,987
small-10-aa-RV100-BBA0039,0.6-0.7,7,0.60791,0.082983,41,X,21,0,76,0,0,8181,498,124,1879,5756
small-10-aa-RV100-BBA0039,0.6-0.7,7,0.60791,0.082983,41,X,18,1,76,0,0,8181,592,132,1831,5702
small-10-aa-RV100-BBA0039,0.6-0.7,7,0.60791,0.082983,41,X,18,2,76,0,0,8181,470,110,1949,5728
small-10-aa-RV100-BBA0039,0.6-0.7,7,0.60791,0.082983,41,X,18,3,76,0,0,8181,598,137,1901,5621
small-10-aa-RV100-BBA0039,0.6-0.7,7,0.60791,0.082983,41,X,20,4,76,0,0,8181,571,72,1843,5771
small-10-aa-RV100-BBA0039,0.6-0.7,8,0.60791,0.084667,40,X,18,0,76,0,0,7979,520,128,1864,5543
small-10-aa-RV100-BBA0039,0.6-0.7,8,0.60791,0.084667,40,X,21,1,76,0,0,7979,512,152,1929,5462
small-10-aa-RV100-BBA0039,0.6-0.7,8,0.60791,0.084667,40,X,20,2,76,0,0,7979,493,114,1750,5698
small-10-aa-RV100-BBA0039,0.6-0.7,8,0.60791,0.084667,40,X,16,3,76,0,0,7979,530,155,1784,5586
small-10-aa-RV100-BBA0039,0.6-0.7,8,0.60791,0.084667,40,X,22,4,76,0,0,7979,432,167,1768,5688
small-10-aa-RV100-BBA0039,0.6-0.7,9,0.60791,0.086122,39,X,16,0,76,0,0,7777,437,186,1765,5465
small-10-aa-RV100-BBA0039,0.6-0.7,9,0.60791,0.086122,39,X,24,1,76,0,0,7777,506,64,1785,5498
small-10-aa-RV100-BBA0039,0.6-0.7,9,0.60791,0.086122,39,X,16,2,76,0,0,7777,557,152,1787,5357
small-10-aa-RV100-BBA0039,0.6-0.7,9,0.60791,0.086122,39,X,23,3,76,0,0,7777,564,174,1878,5237
small-10-aa-RV100-BBA0039,0.6-0.7,9,0.60791,0.086122,39,X,20,4,76,0,0,7777,508,156,1807,5382
small-10-aa-RV100-BBA0039,0.7-0.8,0,0.739633,0.4019,5,X,20,0,71,0,0,876,47,29,189,682
small-10-aa-RV100-BBA0039,0.7-0.8,0,0.739633,0.4019,5,X,18,1,71,0,0,876,30,95,143,679
small-10-aa-RV100-BBA0039,0.7-0.8,0,0.739633,0.4019,5,X,18,2,71,0,0,876,81,7,195,664
small-10-aa-RV100-BBA0039,0.7-0.8,0,0.739633,0.4019,5,X,19,3,71,0,0,876,36,58,202,651
small-10-aa-RV100-BBA0039,0.7-0.8,0,0.739633,0.4019,5,X,18,4,71,0,0,876,43,112,135,657
small-10-aa-RV100-BBA0039,0.7-0.8,0,0.785847,0.728526,3,X,16,0,0,0,0,575,11,99,29,436
small-10-aa-RV100-BBA0039,0.7-0.8,0,0.785847,0.728526,3,X,22,1,0,0,0,575,14,106,42,413
small-10-aa-RV100-BBA0039,0.7-0.8,0,0.785847,0.728526,3,X,19,2,0,0,0,575,0,121,0,454
small-10-aa-RV100-BBA0039,0.7-0.8,0,0.785847,0.728526,3,X,22,3,0,0,0,575,0,143,0,432
small-10-aa-RV100-BBA0039,0.7-0.8,0,0.785847,0.728526,3,X,21,4,0,0,0,575,1,114,42,418
small-10-aa-RV100-BBA0039,0.7-0.8,1,0.742198,0.742198,2,X,18,0,0,0,0,402,0,81,0,321
small-10-aa-RV100-BBA0039,0.7-0.8,1,0.742198,0.742198,2,X,19,1,0,0,0,402,0,73,0,329
small-10-aa-RV100-BBA0039,0.7-0.8,1,0.742198,0.742198,2,X,18,2,0,0,0,402,0,86,0,316
small-10-aa-RV100-BBA0039,0.7-0.8,1,0.742198,0.742198,2,X,18,3,0,0,0,402,0,112,0,290
small-10-aa-RV100-BBA0039,0.7-0.8,1,0.742198,0.742198,2,X,17,4,0,0,0,402,0,113,0,289
small-10-aa-RV100-BBA0039,0.8-0.9,0,0.818075,0.304134,31,X,20,0,0,0,0,5876,425,41,1543,3867
small-10-aa-RV100-BBA0039,0.8-0.9,0,0.818075,0.304134,31,X,21,1,0,0,0,5876,349,76,1495,3956
small-10-aa-RV100-BBA0039,0.8-0.9,0,0.818075,0.304134,31,X,20,2,0,0,0,5876,479,69,1448,3880
small-10-aa-RV100-BBA0039,0.8-0.9,0,0.818075,0.304134,31,X,22,3,0,0,0,5876,353,83,1358,4082
small-10-aa-RV100-BBA0039,0.8-0.9,0,0.818075,0.304134,31,X,18,4,0,0,0,5876,332,151,1433,3960
small-10-aa-RV100-BBA0039,0.8-0.9,0,0.829083,0.150247,393,X,16,0,7,0,0,79130,5138,1336,18349,54314
small-10-aa-RV100-BBA0039,0.8-0.9,0,0.829083,0.150247,393,X,22,1,7,0,0,79130,5296,1099,18099,54643
small-10-aa-RV100-BBA0039,0.8-0.9,0,0.829083,0.150247,393,X,22,2,7,0,0,79130,5385,1024,18538,54190
small-10-aa-RV100-BBA0039,0.8-0.9,0,0.829083,0.150247,393,X,18,3,7,0,0,79130,5269,1112,18046,54710
small-10-aa-RV100-BBA0039,0.8-0.9,0,0.829083,0.150247,393,X,23,4,7,0,0,79130,5310,997,18127,54703
small-10-aa-RV100-BBA0039,0.8-0.9,0,0.871011,0.353403,34,X,21,0,0,0,0,6482,425,164,1604,4289
small-10-aa-RV100-BBA0039,0.8-0.9,0,0.871011,0.353403,34,X,18,1,0,0,0,6482,511,101,1574,4296
small-10-aa-RV100-BBA0039,0.8-0.9,0,0.871011,0.353403,34,X,21,2,0,0,0,6482,395,130,1500,4457
small-10-aa-RV100-BBA0039,0.8-0.9,0,0.871011,0.353403,34,X,21,3,0,0,0,6482,457,108,1516,4401
small-10-aa-RV100-BBA0039,0.8-0.9,0,0.871011,0.353403,34,X,18,4,0,0,0,6482,469,71,1616,4326
small-10-aa-RV100-BBA0039,0.8-0.9,1,0.818075,0.278319,29,X,20,0,0,0,0,5472,398,62,1436,3576
small-10-aa-RV100-BBA0039,0.8-0.9,1,0.818075,0.278319,29,X,18,1,0,0,0,5472,387,92,1348,3645
small-10-aa-RV100-BBA0039,0.8-0.9,1,0.818075,0.278319,29,X,20,2,0,0,0,5472,346,86,1341,3699
small-10-aa-RV100-BBA0039,0.8-0.9,1,0.818075,0.278319,29,X,24,3,0,0,0,5472,308,114,1283,3767
small-10-aa-RV100-BBA0039,0.8-0.9,1,0.818075,0.278319,29,X,20,4,0,0,0,5472,341,50,1332,3749
small-10-aa-RV100-BBA0039,0.8-0.9,1,0.846056,0.346638,29,X,19,0,37,0,0,5669,412,63,1409,3822
small-10-aa-RV100-BBA0039,0.8-0.9,1,0.846056,0.346638,29,X,16,1,37,0,0,5669,428,156,1265,3857
small-10-aa-RV100-BBA0039,0.8-0.9,1,0.846056,0.346638,29,X,16,2,37,0,0,5669,398,72,1402,3834
small-10-aa-RV100-BBA0039,0.8-0.9,1,0.846056,0.346638,29,X,21,3,37,0,0,5669,368,123,1329,3886
small-10-aa-RV100-BBA0039,0.8-0.9,1,0.846056,0.346638,29,X,21,4,37,0,0,5669,321,207,1265,3913
small-10-aa-RV100-BBA0039,0.8-0.9,2,0.8098,0.257132,24,X,22,0,37,0,0,4659,261,190,1039,3206
small-10-aa-RV100-BBA0039,0.8-0.9,2,0.8098,0.257132,24,X,22,1,37,0,0,4659,258,38,1086,3314
small-10-aa-RV100-BBA0039,0.8-0.9,2,0.8098,0.257132,24,X,23,2,37,0,0,4659,340,53,1274,3029
small-10-aa-RV100-BBA0039,0.8-0.9,2,0.8098,0.257132,24,X,19,3,37,0,0,4659,300,72,1071,3253
small-10-aa-RV100-BBA0039,0.8-0.9,2,0.8098,0.257132,24,X,23,4,37,0,0,4659,299,62,1070,3265
small-10-aa-RV100-BBA0039,0.8-0.9,3,0.8098,0.25259,23,X,19,0,37,0,0,4457,250,137,1051,3056
small-10-aa-RV100-BBA0039,0.8-0.9,3,0.8098,0.25259,23,X,22,1,37,0,0,4457,359,67,1060,3008
small-10-aa-RV100-BBA0039,0.8-0.9,3,0.8098,0.25259,23,X,21,2,37,0,0,4457,300,70,1078,3046
small-10-aa-RV100-BBA0039,0.8-0.9,3,0.8098,0.25259,23,X,18,3,37,0,0,4457,389,60,1070,2975
small-10-aa-RV100-BBA0039,0.8-0.9,3,0.8098,0.25259,23,X,18,4,37,0,0,4457,247,107,1101,3039
small-10-aa-RV100-BBA0039,0.9-1,0,0.924013,0.924013,2,X,20,0,0,0,0,400,0,111,0,289
small-10-aa-RV100-BBA0039,0.9-1,0,0.924013,0.924013,2,X,22,1,0,0,0,400,0,103,0,297
small-10-aa-RV100-BBA0039,0.9-1,0,0.924013,0.924013,2,X,18,2,0,0,0,400,0,106,0,294
small-10-aa-RV100-BBA0039,0.9-1,0,0.924013,0.924013,2,X,20,3,0,0,0,400,0,97,0,303
small-10-aa-RV100-BBA0039,0.9-1,0,0.924013,0.924013,2,X,16,4,0,0,0,400,0,103,0,297
small-10-aa-RV100-BBA0039,0.9-1,0,0.949217,0.175891,32,X,19,0,10,0,0,6441,387,90,1519,4455
small-10-aa-RV100-BBA0039,0.9-1,0,0.949217,0.175891,32,X,20,1,10,0,0,6441,410,77,1563,4401
small-10-aa-RV100-BBA0039,0.9-1,0,0.949217,0.175891,32,X,22,2,10,0,0,6441,440,103,1490,4418
small-10-aa-RV100-BBA0039,0.9-1,0,0.949217,0.175891,32,X,19,3,10,0,0,6441,478,116,1496,4361
small-10-aa-RV100-BBA0039,0.9-1,0,0.949217,0.175891,32,X,20,4,10,0,0,6441,363,179,1347,4562
small-10-aa-RV100-BBA0039,0.9-1,1,0.949217,0.153313,31,X,22,0,10,0,0,6239,348,121,1494,4286
small-10-aa-RV100-BBA0039,0.9-1,1,0.949217,0.153313,31,X,20,1,10,0,0,6239,354,123,1489,4283
small-10-aa-RV100-BBA0039,0.9-1,1,0.949217,0.153313,31,X,19,2,10,0,0,6239,438,68,1450,4293
small-10-aa-RV100-BBA0039,0.9-1,1,0.949217,0.153313,31,X,23,3,10,0,0,6239,427,83,1372,4367
small-10-aa-RV100-BBA0039,0.9-1,1,0.949217,0.153313,31,X,20,4,10,0,0,6239,392,110,1500,4247
small-10-aa-RV100-BBA0039,0.9-1,2,0.938124,0.233741,18,X,20,0,66,0,0,3552,276,45,844,2453
small-10-aa-RV100-BBA0039,0.9-1,2,0.938124,0.233741,18,X,21,1,66,0,0,3552,262,38,891,2427
small-10-aa-RV100-BBA0039,0.9-1,2,0.938124,0.233741,18,X,19,2,66,0,0,3552,258,48,877,2435
small-10-aa-RV100-BBA0039,0.9-1,2,0.938124,0.233741,18,X,18,3,66,0,0,3552,246,32,891,2449
small-10-aa-RV100-BBA0039,0.9-1,2,0.938124,0.233741,18,X,20,4,66,0,0,3552,245,21,845,2507
small-10-aa-RV100-BBA0039,0-0.1,0,0.011344,0.002919,19,X,23,0,0,0,0,11677,748,264,2604,8061
small-10-aa-RV100-BBA0039,0-0.1,0,0.011344,0.002919,19,X,18,1,0,0,0,11677,830,161,2719,7967
small-10-aa-RV100-BBA0039,0-0.1,0,0.011344,0.002919,19,X,17,2,0,0,0,11677,708,253,2656,8060
small-10-aa-RV100-BBA0039,0-0.1,0,0.011344,0.002919,19,X,23,3,0,0,0,11677,697,189,2617,8174
small-10-aa-RV100-BBA0039,0-0.1,0,0.011344,0.002919,19,X,21,4,0,0,0,11677,801,203,2707,7966
small-10-aa-RV100-BBA0039,0-0.1,0,0.045598,0.010538,21,X,22,0,0,0,0,4242,243,82,1007,2910
small-10-aa-RV100-BBA0039,0-0.1,0,0.045598,0.010538,21,X,17,1,0,0,0,4242,246,66,892,3038
small-10-aa-RV100-BBA0039,0-0.1,0,0.045598,0.010538,21,X,19,2,0,0,0,4242,252,60,975,2955
small-10-aa-RV100-BBA0039,0-0.1,0,0.045598,0.010538,21,X,22,3,0,0,0,4242,278,68,987,2909
small-10-aa-RV100-BBA0039,0-0.1,0,0.045598,0.010538,21,X,17,4,0,0,0,4242,259,66,937,2980
small-10-aa-RV100-BBA0039,0-0.1,0,0.094922,0.016226,39,X,21,0,0,0,0,7839,472,150,1772,5445
small-10-aa-RV100-BBA0039,0-0.1,0,0.094922,0.016226,39,X,22,1,0,0,0,7839,503,86,1857,5393
small-10-aa-RV100-BBA0039,0-0.1,0,0.094922,0.016226,39,X,21,2,0,0,0,7839,492,98,1779,5470
small-10-aa-RV100-BBA0039,0-0.1,0,0.094922,0.016226,39,X,21,3,0,0,0,7839,407,213,1608,5611
small-10-aa-RV100-BBA0039,0-0.1,0,0.094922,0.016226,39,X,20,4,0,0,0,7839,473,147,1824,5395
small-10-aa-RV100-BBA0039,0-0.1,1,0.011344,0.002706,18,X,20,0,0,0,0,3636,224,50,902,2460
small-10-aa-RV100-BBA0039,0-0.1,1,0.011344,0.002706,18,X,18,1,0,0,0,3636,251,32,808,2545
small-10-aa-RV100-BBA0039,0-0.1,1,0.011344,0.002706,18,X,19,2,0,0,0,3636,244,23,840,2529
small-10-aa-RV100-BBA0039,0-0.1,1,0.011344,0.002706,18,X,19,3,0,0,0,3636,209,49,788,2590
small-10-aa-RV100-BBA0039,0-0.1,1,0.011344,0.002706,18,X,21,4,0,0,0,3636,239,39,873,2485
small-10-aa-RV100-BBA0039,0-0.1,1,0.046357,0.009681,21,X,18,0,0,0,0,4242,263,30,1027,2922
small-10-aa-RV100-BBA0039,0-0.1,1,0.046357,0.009681,21,X,21,1,0,0,0,4242,222,65,922,3033
small-10-aa-RV100-BBA0039,0-0.1,1,0.046357,0.009681,21,X,25,2,0,0,0,4242,297,85,929,2931
small-10-aa-RV100-BBA0039,0-0.1,1,0.046357,0.009681,21,X,18,3,0,0,0,4242,285,42,992,2923
small-10-aa-RV100-BBA0039,0-0.1,1,0.046357,0.009681,21,X,20,4,0,0,0,4242,203,145,911,2983
small-10-aa-RV100-BBA0039,0-0.1,1,0.094922,0.016558,38,X,21,0,0,0,0,7637,458,195,1827,5157
small-10-aa-RV100-BBA0039,0-0.1,1,0.094922,0.016558,38,X,22,1,0,0,0,7637,460,140,1697,5340
small-10-aa-RV100-BBA0039,0-0.1,1,0.094922,0.016558,38,X,20,2,0,0,0,7637,424,142,1797,5274
small-10-aa-RV100-BBA0039,0-0.1,1,0.094922,0.016558,38,X,19,3,0,0,0,7637,435,165,1656,5381
small-10-aa-RV100-BBA0039,0-0.1,1,0.094922,0.016558,38,X,21,4,0,0,0,7637,490,100,1742,5305
small-10-aa-RV100-BBA0039,0-0.1,2,0.011344,0.002419,17,X,17,0,0,0,0,3434,218,34,769,2413
small-10-aa-RV100-BBA0039,0-0.1,2,0.011344,0.002419,17,X,23,1,0,0,0,3434,187,42,862,2343
small-10-aa-RV100-BBA0039,0-0.1,2,0.011344,0.002419,17,X,21,2,0,0,0,3434,230,43,840,2321
small-10-aa-RV100-BBA0039,0-0.1,2,0.011344,0.002419,17,X,20,3,0,0,0,3434,228,33,793,2380
small-10-aa-RV100-BBA0039,0-0.1,2,0.011344,0.002419,17,X,17,4,0,0,0,3434,176,49,823,2386
small-10-aa-RV100-BBA0039,0-0.1,2,0.046357,0.008876,19,X,18,0,0,0,0,3838,249,34,933,2622
small-10-aa-RV100-BBA0039,0-0.1,2,0.046357,0.008876,19,X,19,1,0,0,0,3838,228,42,884,2684
small-10-aa-RV100-BBA0039,0-0.1,2,0.046357,0.008876,19,X,17,2,0,0,0,3838,227,60,899,2652
small-10-aa-RV100-BBA0039,0-0.1,2,0.046357,0.008876,19,X,18,3,0,0,0,3838,251,58,833,2696
small-10-aa-RV100-BBA0039,0-0.1,2,0.046357,0.008876,19,X,21,4,0,0,0,3838,221,53,854,2710
small-10-aa-RV100-BBA0039,0-0.1,2,0.094922,0.016903,37,X,22,0,0,0,0,7435,477,149,1654,5155
small-10-aa-RV100-BBA0039,0-0.1,2,0.094922,0.016903,37,X,19,1,0,0,0,7435,449,138,1670,5178
small-10-aa-RV100-BBA0039,0-0.1,2,0.094922,0.016903,37,X,18,2,0,0,0,7435,484,197,1702,5052
small-10-aa-RV100-BBA0039,0-0.1,2,0.094922,0.016903,37,X,22,3,0,0,0,7435,476,132,1717,5110
small-10-aa-RV100-BBA0039,0-0.1,2,0.094922,0.016903,37,X,20,4,0,0,0,7435,426,139,1701,5169
small-10-aa-RV100-BBA0039,0-0.1,3,0.011344,0.002033,16,X,18,0,0,0,0,3232,173,169,609,2281
small-10-aa-RV100-BBA0039,0-0.1,3,0.011344,0.002033,16,X,20,1,0,0,0,3232,195,42,777,2218
small-10-aa-RV100-BBA0039,0-0.1,3,0.011344,0.002033,16,X,21,2,0,0,0,3232,194,49,723,2266
small-10-aa-RV100-BBA0039,0-0.1,3,0.011344,0.002033,16,X,19,3,0,0,0,3232,189,41,706,2296
small-10-aa-RV100-BBA0039,0-0.1,3,0.011344,0.002033,16,X,17,4,0,0,0,3232,200,67,777,2188
small-10-aa-RV100-BBA0039,0-0.1,3,0.040675,0.007458,15,X,18,0,0,0,0,3030,171,88,671,2100
small-10-aa-RV100-BBA0039,0-0.1,3,0.040675,0.007458,15,X,19,1,0,0,0,3030,164,30,739,2097
small-10-aa-RV100-BBA0039,0-0.1,3,0.040675,0.007458,15,X,20,2,0,0,0,3030,165,184,616,2065
small-10-aa-RV100-BBA0039,0-0.1,3,0.040675,0.007458,15,X,20,3,0,0,0,3030,181,27,744,2078
small-10-aa-RV100-BBA0039,0-0.1,3,0.040675,0.007458,15,X,21,4,0,0,0,3030,182,19,675,2154
small-10-aa-RV100-BBA0039,0-0.1,3,0.098381,0.046714,34,X,18,0,1,0,0,6867,416,89,1548,4815
small-10-aa-RV100-BBA0039,0-0.1,3,0.098381,0.046714,34,X,24,1,1,0,0,6867,360,99,1455,4954
small-10-aa-RV100-BBA0039,0-0.1,3,0.098381,0.046714,34,X,20,2,1,0,0,6867,512,91,1583,4682
small-10-aa-RV100-BBA0039,0-0.1,3,0.098381,0.046714,34,X,18,3,1,0,0,6867,408,131,1568,4761
small-10-aa-RV100-BBA0039,0-0.1,3,0.098381,0.046714,34,X,22,4,1,0,0,6867,393,159,1474,4842
small-10-aa-RV100-BBA0039,0-0.1,4,0.011344,0.001514,15,X,17,0,0,0,0,3030,171,43,703,2113
small-10-aa-RV100-BBA0039,0-0.1,4,0.011344,0.001514,15,X,17,1,0,0,0,3030,172,59,715,2084
small-10-aa-RV100-BBA0039,0-0.1,4,0.011344,0.001514,15,X,23,2,0,0,0,3030,224,40,685,2081
small-10-aa-RV100-BBA0039,0-0.1,4,0.011344,0.001514,15,X,18,3,0,0,0,3030,206,23,729,2072
small-10-aa-RV100-BBA0039,0-0.1,4,0.011344,0.001514,15,X,23,4,0,0,0,3030,185,39,687,2119
small-10-aa-RV100-BBA0039,0-0.1,4,0.040675,0.007962,14,X,19,0,0,0,0,2828,162,44,662,1960
small-10-aa-RV100-BBA0039,0-0.1,4,0.040675,0.007962,14,X,21,1,0,0,0,2828,161,35,637,1995
small-10-aa-RV100-BBA0039,0-0.1,4,0.040675,0.007962,14,X,21,2,0,0,0,2828,190,21,647,1970
small-10-aa-RV100-BBA0039,0-0.1,4,0.040675,0.007962,14,X,16,3,0,0,0,2828,222,47,601,1958
small-10-aa-RV100-BBA0039,0-0.1,4,0.040675,0.007962,14,X,16,4,0,0,0,2828,174,41,671,1942
small-10-aa-RV100-BBA0039,0-0.1,4,0.094922,0.017755,32,X,19,0,0,0,0,6425,379,148,1454,4444
small-10-aa-RV100-BBA0039,0-0.1,4,0.094922,0.017755,32,X,20,1,0,0,0,6425,421,80,1492,4432
small-10-aa-RV100-BBA0039,0-0.1,4,0.094922,0.017755,32,X,20,2,0,0,0,6425,354,165,1420,4486
small-10-aa-RV100-BBA0039,0-0.1,4,0.094922,0.017755,32,X,20,3,0,0,0,6425,422,159,1420,4424
small-10-aa-RV100-BBA0039,0-0.1,4,0.094922,0.017755,32,X,23,4,0,0,0,6425,382,123,1546,4374
small-10-aa-RV100-BBA0039,0-0.1,5,0.011551,0.001651,14,X,19,0,0,0,0,2828,153,41,683,1951
small-10-aa-RV100-BBA0039,0-0.1,5,0.011551,0.001651,14,X,18,1,0,0,0,2828,131,28,641,2028
small-10-aa-RV100-BBA0039,0-0.1,5,0.011551,0.001651,14,X,16,2,0,0,0,2828,120,94,580,2034
small-10-aa-RV100-BBA0039,0-0.1,5,0.011551,0.001651,14,X,19,3,0,0,0,2828,222,18,678,1910
small-10-aa-RV100-BBA0039,0-0.1,5,0.011551,0.001651,14,X,18,4,0,0,0,2828,186,26,646,1970
small-10-aa-RV100-BBA0039,0-0.1,5,0.041335,0.015244,14,X,23,0,0,0,0,2814,137,152,533,1992
small-10-aa-RV100-BBA0039,0-0.1,5,0.041335,0.015244,14,X,17,1,0,0,0,2814,179,42,720,1873
small-10-aa-RV100-BBA0039,0-0.1,5,0.041335,0.015244,14,X,17,2,0,0,0,2814,131,80,623,1980
small-10-aa-RV100-BBA0039,0-0.1,5,0.041335,0.015244,14,X,19,3,0,0,0,2814,172,24,675,1943
small-10-aa-RV100-BBA0039,0-0.1,5,0.041335,0.015244,14,X,19,4,0,0,0,2814,193,34,674,1913
small-10-aa-RV100-BBA0039,0-0.1,5,0.094922,0.018152,31,X,21,0,0,0,0,6223,411,100,1388,4324
small-10-aa-RV100-BBA0039,0-0.1,5,0.094922,0.018152,31,X,18,1,0,0,0,6223,334,115,1495,4279
small-10-aa-RV100-BBA0039,0-0.1,5,0.094922,0.018152,31,X,22,2,0,0,0,6223,346,227,1268,4382
small-10-aa-RV100-BBA0039,0-0.1,5,0.094922,0.018152,31,X,22,3,0,0,0,6223,424,94,1382,4323
small-10-aa-RV100-BBA0039,0-0.1,5,0.094922,0.018152,31,X,19,4,0,0,0,6223,348,74,1444,4357
small-10-aa-RV100-BBA0039,0-0.1,6,0.005677,0.000812,14,X,20,0,0,0,0,2828,161,38,670,1959
small-10-aa-RV100-BBA0039,0-0.1,6,0.005677,0.000812,14,X,17,1,0,0,0,2828,175,34,609,2010
small-10-aa-RV100-BBA0039,0-0.1,6,0.005677,0.000812,14,X,18,2,0,0,0,2828,155,27,685,1961
small-10-aa-RV100-BBA0039,0-0.1,6,0.005677,0.000812,14,X,20,3,0,0,0,2828,200,78,659,1891
small-10-aa-RV100-BBA0039,0-0.1,6,0.005677,0.000812,14,X,20,4,0,0,0,2828,150,48,657,1973
small-10-aa-RV100-BBA0039,0-0.1,6,0.040675,0.00854,13,X,21,0,0,0,0,2626,167,21,615,1823
small-10-aa-RV100-BBA0039,0-0.1,6,0.040675,0.00854,13,X,20,1,0,0,0,2626,112,29,603,1882
small-10-aa-RV100-BBA0039,0-0.1,6,0.040675,0.00854,13,X,19,2,0,0,0,2626,184,25,701,1716
small-10-aa-RV100-BBA0039,0-0.1,6,0.040675,0.00854,13,X,20,3,0,0,0,2626,142,39,546,1899
small-10-aa-RV100-BBA0039,0-0.1,6,0.040675,0.00854,13,X,22,4,0,0,0,2626,182,22,673,1749
small-10-aa-RV100-BBA0039,0-0.1,6,0.094922,0.018563,30,X,20,0,0,0,0,6021,354,56,1416,4195
small-10-aa-RV100-BBA0039,0-0.1,6,0.094922,0.018563,30,X,18,1,0,0,0,6021,373,90,1360,4198
small-10-aa-RV100-BBA0039,0-0.1,6,0.094922,0.018563,30,X,20,2,0,0,0,6021,388,100,1386,4147
small-10-aa-RV100-BBA0039,0-0.1,6,0.094922,0.018563,30,X,19,3,0,0,0,6021,383,144,1341,4153
small-10-aa-RV100-BBA0039,0-0.1,6,0.094922,0.018563,30,X,23,4,0,0,0,6021,353,224,1329,4115
small-10-aa-RV100-BBA0039,0-0.1,7,0.011551,0.001778,13,X,24,0,0,0,0,2626,161,30,559,1876
small-10-aa-RV100-BBA0039,0-0.1,7,0.011551,0.001778,13,X,20,1,0,0,0,2626,190,24,617,1795
small-10-aa-RV100-BBA0039,0-0.1,7,0.011551,0.001778,13,X,19,2,0,0,0,2626,173,22,663,1768
small-10-aa-RV100-BBA0039,0-0.1,7,0.011551,0.001778,13,X,21,3,0,0,0,2626,136,33,594,1863
small-10-aa-RV100-BBA0039,0-0.1,7,0.011551,0.001778,13,X,18,4,0,0,0,2626,159,66,520,1881
small-10-aa-RV100-BBA0039,0-0.1,7,0.03975,0.018559,12,X,20,0,0,0,0,2401,158,21,561,1661
small-10-aa-RV100-BBA0039,0-0.1,7,0.03975,0.018559,12,X,17,1,0,0,0,2401,156,37,578,1630
small-10-aa-RV100-BBA0039,0-0.1,7,0.03975,0.018559,12,X,20,2,0,0,0,2401,139,34,541,1687
small-10-aa-RV100-BBA0039,0-0.1,7,0.03975,0.018559,12,X,19,3,0,0,0,2401,169,32,608,1592
small-10-aa-RV100-BBA0039,0-0.1,7,0.03975,0.018559,12,X,20,4,0,0,0,2401,156,18,573,1654
small-10-aa-RV100-BBA0039,0-0.1,7,0.076561,0.016137,25,X,20,0,0,0,0,5011,292,185,1062,3472
small-10-aa-RV100-BBA0039,0-0.1,7,0.076561,0.016137,25,X,17,1,0,0,0,5011,279,110,1186,3436
small-10-aa-RV100-BBA0039,0-0.1,7,0.076561,0.016137,25,X,21,2,0,0,0,5011,271,109,1122,3509
small-10-aa-RV100-BBA0039,0-0.1,7,0.076561,0.016137,25,X,21,3,0,0,0,5011,273,115,1050,3573
small-10-aa-RV100-BBA0039,0-0.1,7,0.076561,0.016137,25,X,19,4,0,0,0,5011,258,66,1099,3588
small-10-aa-RV100-BBA0039,0-0.1,8,0.005677,0.000874,13,X,15,0,0,0,0,2626,146,37,619,1824
small-10-aa-RV100-BBA0039,0-0.1,8,0.005677,0.000874,13,X,19,1,0,0,0,2626,128,50,597,1851
small-10-aa-RV100-BBA0039,0-0.1,8,0.005677,0.000874,13,X,16,2,0,0,0,2626,150,17,625,1834
small-10-aa-RV100-BBA0039,0-0.1,8,0.005677,0.000874,13,X,18,3,0,0,0,2626,186,27,615,1798
small-10-aa-RV100-BBA0039,0-0.1,8,0.005677,0.000874,13,X,20,4,0,0,0,2626,171,33,618,1804
small-10-aa-RV100-BBA0039,0-0.1,8,0.040675,0.009206,12,X,20,0,0,0,0,2424,124,29,550,1721
small-10-aa-RV100-BBA0039,0-0.1,8,0.040675,0.009206,12,X,16,1,0,0,0,2424,157,18,565,1684
small-10-aa-RV100-BBA0039,0-0.1,8,0.040675,0.009206,12,X,20,2,0,0,0,2424,145,19,524,1736
small-10-aa-RV100-BBA0039,0-0.1,8,0.040675,0.009206,12,X,19,3,0,0,0,2424,160,15,588,1661
small-10-aa-RV100-BBA0039,0-0.1,8,0.040675,0.009206,12,X,21,4,0,0,0,2424,155,13,601,1655
small-10-aa-RV100-BBA0039,0-0.1,8,0.092558,0.040177,24,X,20,0,1,0,0,4847,312,56,1128,3352
small-10-aa-RV100-BBA0039,0-0.1,8,0.092558,0.040177,24,X,24,1,1,0,0,4847,228,104,1146,3370
small-10-aa-RV100-BBA0039,0-0.1,8,0.092558,0.040177,24,X,22,2,1,0,0,4847,283,52,1143,3370
small-10-aa-RV100-BBA0039,0-0.1,8,0.092558,0.040177,24,X,22,3,1,0,0,4847,287,73,1197,3291
small-10-aa-RV100-BBA0039,0-0.1,8,0.092558,0.040177,24,X,18,4,1,0,0,4847,272,59,1187,3330
small-10-aa-RV100-BBA0039,0-0.1,9,0.011559,0.001928,12,X,22,0,0,0,0,2309,134,68,499,1608
small-10-aa-RV100-BBA0039,0-0.1,9,0.011559,0.001928,12,X,21,1,0,0,0,2309,147,23,576,1563
small-10-aa-RV100-BBA0039,0-0.1,9,0.011559,0.001928,12,X,19,2,0,0,0,2309,128,39,556,1586
small-10-aa-RV100-BBA0039,0-0.1,9,0.011559,0.001928,12,X,17,3,0,0,0,2309,147,33,570,1559
small-10-aa-RV100-BBA0039,0-0.1,9,0.011559,0.001928,12,X,17,4,0,0,0,2309,121,30,601,1557
small-10-aa-RV100-BBA0039,0-0.1,9,0.040675,0.009984,11,X,19,0,0,0,0,2222,144,43,552,1483
small-10-aa-RV100-BBA0039,0-0.1,9,0.040675,0.009984,11,X,19,1,0,0,0,2222,76,72,498,1576
small-10-aa-RV100-BBA0039,0-0.1,9,0.040675,0.009984,11,X,19,2,0,0,0,2222,127,26,466,1603
small-10-aa-RV100-BBA0039,0-0.1,9,0.040675,0.009984,11,X,19,3,0,0,0,2222,118,33,498,1573
small-10-aa-RV100-BBA0039,0-0.1,9,0.040675,0.009984,11,X,19,4,0,0,0,2222,132,19,579,1492
small-10-aa-RV100-BBA0039,0-0.1,9,0.076561,0.016429,24,X,19,0,0,0,0,4809,260,80,1035,3434
small-10-aa-RV100-BBA0039,0-0.1,9,0.076561,0.016429,24,X,23,1,0,0,0,4809,286,54,1140,3329
small-10-aa-RV100-BBA0039,0-0.1,9,0.076561,0.016429,24,X,17,2,0,0,0,4809,275,66,1130,3338
small-10-aa-RV100-BBA0039,0-0.1,9,0.076561,0.016429,24,X,20,3,0,0,0,4809,278,76,1145,3310
small-10-aa-RV100-BBA0039,0-0.1,9,0.076561,0.016429,24,X,20,4,0,0,0,4809,250,101,1199,3259
